0 100
-133.333 90
-183.333 80
-197.222 70
-199.306 60
-199.901 50
-199.702 50
-199.504 50
-199.306 50
-199.107 50
-198.909 50
-198.71 50
-197.917 60
-198.438 50
-198.09 50
-197.743 50
-197.396 50
-196.528 60
-197.123 50
-196.925 50
-196.726 50
-196.528 50
-196.329 50
-196.131 50
-195.933 50
-195.139 60
-195.734 50
-195.536 50
-195.337 50
-195.139 50
-194.94 50
-194.742 50
-194.544 50
-191.667 70
-194.097 60
-194.329 50
-194.097 50
-193.866 50
-193.403 60
-193.707 50
-193.62 50
-193.533 50
-193.446 50
-193.359 50
-193.273 50
-193.186 50
-193.099 50
-192.708 60
-192.998 50
-192.882 50
-192.766 50
-192.65 50
-192.535 50
-192.419 50
-192.014 60
-192.312 50
-192.212 50
-192.113 50
-192.014 50
-191.915 50
-191.815 50
-191.716 50
-191.319 60
-191.623 50
-191.536 50
-191.45 50
-191.363 50
-191.276 50
-191.189 50
-191.102 50
-191.016 50
-190.625 60
-190.923 50
-190.823 50
-190.724 50
-190.625 50
-190.526 50
-190.427 50
-190.327 50
-189.931 60
-190.228 50
-190.129 50
-190.03 50
-189.931 50
-189.831 50
-189.732 50
-189.633 50
-189.236 60
-189.497 50
-189.323 50
-189.149 50
-188.976 50
-186.111 70
-187.963 60
-188.757 50
-188.492 50
-188.228 50
-187.963 50
-187.698 50
-187.434 50
-187.169 50
-186.111 60
-186.905 50
-186.64 50
-186.376 50
-186.111 50
-185.847 50
-185.582 50
-185.317 50
-184.259 60
-185.031 50
-184.722 50
-184.414 50
-184.105 50
-183.796 50
-183.488 50
-180.556 70
-182.407 60
-183.179 50
-182.87 50
-182.562 50
-182.253 50
-181.944 50
-181.636 50
-180.556 60
-181.25 50
-180.787 50
-180.324 50
-179.861 50
-178.704 60
-179.444 50
-179.074 50
-178.704 50
-178.333 50
-177.963 50
-175 70
-177.222 60
-177.685 50
-177.5 50
-177.315 50
-177.13 50
-176.944 50
-176.759 50
-176.111 60
-176.574 50
-176.389 50
-176.204 50
-176.019 50
-175.833 50
-175.648 50
-175 60
-175.417 50
-175.139 50
-174.861 50
-174.583 50
-173.889 60
-174.365 50
-174.206 50
-174.048 50
-173.889 50
-173.73 50
-173.571 50
-173.413 50
-172.778 60
-173.194 50
-172.917 50
-172.639 50
-172.361 50
-169.444 70
-171.667 60
-172.111 50
-171.889 50
-171.667 50
-171.444 50
-171.222 50
-170.556 60
-171.019 50
-170.833 50
-170.648 50
-170.463 50
-170.278 50
-170.093 50
-169.444 60
-169.921 50
-169.762 50
-169.603 50
-169.444 50
-169.286 50
-169.127 50
-168.968 50
-168.333 60
-168.75 50
-168.472 50
-168.194 50
-167.917 50
-167.222 60
-167.639 50
-167.361 50
-167.083 50
-166.806 50
-150 80
-158.333 70
-165.741 60
-166.534 50
-166.27 50
-166.005 50
-165.741 50
-165.476 50
-165.212 50
-164.947 50
-163.889 60
-164.699 50
-164.468 50
-164.236 50
-164.005 50
-163.773 50
-163.542 50
-163.31 50
-163.079 50
-162.037 60
-162.809 50
-162.5 50
-162.191 50
-161.883 50
-161.574 50
-161.265 50
-160.185 60
-160.926 50
-160.556 50
-160.185 50
-159.815 50
-159.444 50
-158.333 60
-159.127 50
-158.862 50
-158.598 50
-158.333 50
-158.069 50
-157.804 50
-157.54 50
-156.481 60
-157.222 50
-156.852 50
-156.481 50
-156.111 50
-155.741 50
-154.63 60
-155.401 50
-155.093 50
-154.784 50
-154.475 50
-154.167 50
-153.858 50
-152.778 60
-153.588 50
-153.356 50
-153.125 50
-152.894 50
-152.662 50
-152.431 50
-152.199 50
-151.968 50
-150.926 60
-151.72 50
-151.455 50
-151.19 50
-150.926 50
-150.661 50
-150.397 50
-150.132 50
-141.667 70
-149.074 60
-149.868 50
-149.603 50
-149.339 50
-149.074 50
-148.81 50
-148.545 50
-148.28 50
-147.222 60
-148.032 50
-147.801 50
-147.569 50
-147.338 50
-147.106 50
-146.875 50
-146.644 50
-146.412 50
-145.37 60
-146.142 50
-145.833 50
-145.525 50
-145.216 50
-144.907 50
-144.599 50
-143.519 60
-144.259 50
-143.889 50
-143.519 50
-143.148 50
-142.778 50
-141.667 60
-142.46 50
-142.196 50
-141.931 50
-141.667 50
-141.402 50
-141.138 50
-140.873 50
-139.815 60
-140.556 50
-140.185 50
-139.815 50
-139.444 50
-139.074 50
-137.963 60
-138.735 50
-138.426 50
-138.117 50
-137.809 50
-137.5 50
-137.191 50
-136.111 60
-136.921 50
-136.69 50
-136.458 50
-136.227 50
-135.995 50
-135.764 50
-135.532 50
-135.301 50
-134.259 60
-135.053 50
-134.788 50
-134.524 50
-134.259 50
-133.995 50
-133.73 50
-133.466 50
-116.667 80
-130 70
-132.5 60
-133.056 50
-132.5 50
-131.944 50
-130.833 60
-131.458 50
-131.042 50
-130.625 50
-130.208 50
-129.167 60
-129.861 50
-129.583 50
-129.306 50
-129.028 50
-128.75 50
-128.472 50
-127.5 60
-128.167 50
-127.833 50
-127.5 50
-127.167 50
-126.833 50
-123.333 70
-126 60
-126.533 50
-126.267 50
-126 50
-125.733 50
-125.467 50
-124.667 60
-125.222 50
-125 50
-124.778 50
-124.556 50
-124.333 50
-124.111 50
-123.333 60
-123.867 50
-123.6 50
-123.333 50
-123.067 50
-122.8 50
-122 60
-122.571 50
-122.381 50
-122.19 50
-122 50
-121.81 50
-121.619 50
-121.429 50
-120.667 60
-121.222 50
-121 50
-120.778 50
-120.556 50
-120.333 50
-120.111 50
-116.667 70
-119.333 60
-119.905 50
-119.714 50
-119.524 50
-119.333 50
-119.143 50
-118.952 50
-118.762 50
-118 60
-118.583 50
-118.417 50
-118.25 50
-118.083 50
-117.917 50
-117.75 50
-117.583 50
-117.417 50
-116.667 60
-117.2 50
-116.933 50
-116.667 50
-116.4 50
-116.133 50
-115.333 60
-115.867 50
-115.6 50
-115.333 50
-115.067 50
-114.8 50
-114 60
-114.593 50
-114.444 50
-114.296 50
-114.148 50
-114 50
-113.852 50
-113.704 50
-113.556 50
-113.407 50
-110 70
-112.857 60
-113.214 50
-112.976 50
-112.738 50
-112.5 50
-111.905 60
-112.302 50
-112.143 50
-111.984 50
-111.825 50
-111.667 50
-111.508 50
-110.952 60
-111.369 50
-111.25 50
-111.131 50
-111.012 50
-110.893 50
-110.774 50
-110.655 50
-110.536 50
-110 60
-110.397 50
-110.238 50
-110.079 50
-109.921 50
-109.762 50
-109.603 50
-109.048 60
-109.429 50
-109.238 50
-109.048 50
-108.857 50
-108.667 50
-108.095 60
-108.503 50
-108.367 50
-108.231 50
-108.095 50
-107.959 50
-107.823 50
-107.687 50
-107.143 60
-107.381 50
-106.905 50
-103.333 70
-105.833 60
-106.548 50
-106.31 50
-106.071 50
-105.833 50
-105.595 50
-105.357 50
-105.119 50
-104.167 60
-104.792 50
-104.375 50
-103.958 50
-103.542 50
-102.5 60
-103.125 50
-102.708 50
-102.292 50
-101.875 50
-100.833 60
-101.548 50
-101.31 50
-101.071 50
-100.833 50
-100.595 50
-100.357 50
-100.119 50
-83.3333 80
-96.6667 70
-99.1667 60
-99.7222 50
-99.1667 50
-98.6111 50
-97.5 60
-98.125 50
-97.7083 50
-97.2917 50
-96.875 50
-95.8333 60
-96.5278 50
-96.25 50
-95.9722 50
-95.6944 50
-95.4167 50
-95.1389 50
-94.1667 60
-94.8333 50
-94.5 50
-94.1667 50
-93.8333 50
-93.5 50
-90 70
-92.6667 60
-93.2 50
-92.9333 50
-92.6667 50
-92.4 50
-92.1333 50
-91.3333 60
-91.8889 50
-91.6667 50
-91.4444 50
-91.2222 50
-91 50
-90.7778 50
-90 60
-90.5333 50
-90.2667 50
-90 50
-89.7333 50
-89.4667 50
-88.6667 60
-89.2381 50
-89.0476 50
-88.8571 50
-88.6667 50
-88.4762 50
-88.2857 50
-88.0952 50
-87.3333 60
-87.8889 50
-87.6667 50
-87.4445 50
-87.2222 50
-87 50
-86.7778 50
-83.3333 70
-86.1111 60
-86.5556 50
-86.3333 50
-86.1111 50
-85.8889 50
-85.6667 50
-85 60
-85.4762 50
-85.3175 50
-85.1587 50
-85 50
-84.8413 50
-84.6825 50
-84.5238 50
-83.8889 60
-84.3333 50
-84.1111 50
-83.8889 50
-83.6667 50
-83.4444 50
-82.7778 60
-83.2222 50
-83 50
-82.7778 50
-82.5556 50
-82.3333 50
-81.6667 60
-82.1528 50
-82.0139 50
-81.875 50
-81.7361 50
-81.5972 50
-81.4583 50
-81.3194 50
-81.1806 50
-80.5556 60
-80.9722 50
-80.6944 50
-80.4167 50
-80.1389 50
-76.6667 70
-79.5238 60
-79.9206 50
-79.7619 50
-79.6032 50
-79.4444 50
-79.2857 50
-79.127 50
-78.5714 60
-78.9796 50
-78.8435 50
-78.7075 50
-78.5714 50
-78.4354 50
-78.2993 50
-78.1633 50
-77.619 60
-78 50
-77.8095 50
-77.619 50
-77.4286 50
-77.2381 50
-76.6667 60
-77.0635 50
-76.9048 50
-76.746 50
-76.5873 50
-76.4286 50
-76.2698 50
-75.7143 60
-76.0952 50
-75.9048 50
-75.7143 50
-75.5238 50
-75.3333 50
-74.7619 60
-75.1786 50
-75.0595 50
-74.9405 50
-74.8214 50
-74.7024 50
-74.5833 50
-74.4643 50
-74.3452 50
-73.8095 60
-74.0476 50
-73.5714 50
-70 70
-72.5 60
-73.2143 50
-72.9762 50
-72.7381 50
-72.5 50
-72.2619 50
-72.0238 50
-71.7857 50
-70.8333 60
-71.4583 50
-71.0417 50
-70.625 50
-70.2083 50
-69.1667 60
-69.7917 50
-69.375 50
-68.9583 50
-68.5417 50
-67.5 60
-68.2143 50
-67.9762 50
-67.7381 50
-67.5 50
-67.2619 50
-67.0238 50
-66.7857 50
-7.62939e-06 90
-53.3333 80
-64.4445 70
-66.3492 60
-66.6032 50
-66.4762 50
-66.3492 50
-66.2222 50
-66.0952 50
-65.7143 60
-65.9683 50
-65.8413 50
-65.7143 50
-65.5873 50
-65.4603 50
-65.0794 60
-65.3439 50
-65.2381 50
-65.1323 50
-65.0265 50
-64.9206 50
-64.8148 50
-64.4445 60
-64.7166 50
-64.6259 50
-64.5352 50
-64.4445 50
-64.3537 50
-64.263 50
-64.1723 50
-63.8095 60
-64.0816 50
-63.9909 50
-63.9002 50
-63.8095 50
-63.7188 50
-63.6281 50
-63.5374 50
-63.1746 60
-63.3862 50
-63.1746 50
-62.963 50
-62.5397 60
-62.8042 50
-62.6984 50
-62.5926 50
-62.4868 50
-62.381 50
-62.2751 50
-60 70
-61.8519 60
-62.1693 50
-62.0635 50
-61.9577 50
-61.8519 50
-61.746 50
-61.6402 50
-61.5344 50
-61.1111 60
-61.4352 50
-61.3426 50
-61.25 50
-61.1574 50
-61.0648 50
-60.9722 50
-60.8796 50
-60.787 50
-60.3704 60
-60.6667 50
-60.5185 50
-60.3704 50
-60.2222 50
-60.0741 50
-59.6296 60
-59.9471 50
-59.8413 50
-59.7355 50
-59.6296 50
-59.5238 50
-59.418 50
-59.3122 50
-58.8889 60
-59.1975 50
-59.0741 50
-58.9506 50
-58.8272 50
-58.7037 50
-58.5803 50
-58.1482 60
-58.4722 50
-58.3796 50
-58.287 50
-58.1945 50
-58.1019 50
-58.0093 50
-57.9167 50
-57.8241 50
-55.5556 70
-57.3333 60
-57.7222 50
-57.6111 50
-57.5 50
-57.3889 50
-57.2778 50
-57.1667 50
-57.0556 50
-56.9445 50
-56.4445 60
-56.8254 50
-56.6984 50
-56.5714 50
-56.4445 50
-56.3175 50
-56.1905 50
-56.0635 50
-55.5556 60
-55.9259 50
-55.7778 50
-55.6296 50
-55.4815 50
-55.3333 50
-55.1852 50
-54.6667 60
-55.037 50
-54.8889 50
-54.7407 50
-54.5926 50
-54.4445 50
-54.2963 50
-53.7778 60
-54.1482 50
-54 50
-53.8519 50
-53.7037 50
-53.5556 50
-53.4074 50
-51.1111 70
-52.963 60
-53.287 50
-53.1945 50
-53.1019 50
-53.0093 50
-52.9167 50
-52.8241 50
-52.7315 50
-52.6389 50
-52.2222 60
-52.5397 50
-52.4339 50
-52.328 50
-52.2222 50
-52.1164 50
-52.0106 50
-51.9048 50
-51.4815 60
-51.8056 50
-51.713 50
-51.6204 50
-51.5278 50
-51.4352 50
-51.3426 50
-51.25 50
-51.1574 50
-50.7407 60
-51.0494 50
-50.9259 50
-50.8025 50
-50.679 50
-50.5556 50
-50.4321 50
-50 60
-50.3175 50
-50.2116 50
-50.1058 50
-50 50
-49.8942 50
-49.7884 50
-49.6825 50
-49.2593 60
-49.5767 50
-49.4709 50
-49.3651 50
-49.2593 50
-49.1534 50
-49.0476 50
-48.9418 50
-46.6667 70
-48.5185 60
-48.8272 50
-48.7037 50
-48.5803 50
-48.4568 50
-48.3333 50
-48.2099 50
-47.7778 60
-48.0864 50
-47.963 50
-47.8395 50
-47.7161 50
-47.5926 50
-47.4691 50
-47.037 60
-47.3457 50
-47.2222 50
-47.0988 50
-46.9753 50
-46.8519 50
-46.7284 50
-46.2963 60
-46.6204 50
-46.5278 50
-46.4352 50
-46.3426 50
-46.25 50
-46.1574 50
-46.0648 50
-45.9722 50
-45.5556 60
-45.8519 50
-45.7037 50
-45.5556 50
-45.4074 50
-45.2593 50
-44.8148 60
-45.1323 50
-45.0265 50
-44.9206 50
-44.8148 50
-44.709 50
-44.6032 50
-44.4974 50
-42.2222 70
-44 60
-44.3556 50
-44.1778 50
-44 50
-43.8222 50
-43.6444 50
-43.1111 60
-43.4667 50
-43.2889 50
-43.1111 50
-42.9333 50
-42.7556 50
-42.2222 60
-42.6032 50
-42.4762 50
-42.3492 50
-42.2222 50
-42.0952 50
-41.9683 50
-41.8413 50
-41.3333 60
-41.6667 50
-41.4445 50
-41.2222 50
-41 50
-40.4445 60
-40.8148 50
-40.6667 50
-40.5185 50
-40.3704 50
-40.2222 50
-40.0741 50
-26.6667 80
-35.5556 70
-39.2593 60
-39.9074 50
-39.7222 50
-39.537 50
-39.3519 50
-39.1667 50
-38.9815 50
-38.7963 50
-38.6111 50
-37.7778 60
-38.4259 50
-38.2407 50
-38.0556 50
-37.8704 50
-37.6852 50
-37.5 50
-37.3148 50
-37.1296 50
-36.2963 60
-36.9312 50
-36.7196 50
-36.5079 50
-36.2963 50
-36.0847 50
-35.873 50
-35.6614 50
-34.8148 60
-35.4321 50
-35.1852 50
-34.9383 50
-34.6914 50
-34.4445 50
-34.1975 50
-33.3333 60
-33.9506 50
-33.7037 50
-33.4568 50
-33.2099 50
-32.963 50
-32.7161 50
-31.8519 60
-32.5103 50
-32.3457 50
-32.1811 50
-32.0165 50
-31.8519 50
-31.6872 50
-31.5226 50
-31.358 50
-31.1934 50
-26.6667 70
-30.2222 60
-30.9841 50
-30.7302 50
-30.4762 50
-30.2222 50
-29.9683 50
-29.7143 50
-29.4603 50
-28.4445 60
-29.037 50
-28.4445 50
-27.8519 50
-26.6667 60
-27.2593 50
-26.6667 50
-26.0741 50
-24.8889 60
-25.6296 50
-25.3333 50
-25.037 50
-24.7407 50
-24.4445 50
-24.1482 50
-23.1111 60
-23.8519 50
-23.5556 50
-23.2593 50
-22.963 50
-22.6667 50
-22.3704 50
-17.7778 70
-21.3333 60
-22.0445 50
-21.6889 50
-21.3333 50
-20.9778 50
-20.6222 50
-19.5556 60
-20.2222 50
-19.7778 50
-19.3333 50
-18.8889 50
-17.7778 60
-18.4889 50
-18.1333 50
-17.7778 50
-17.4222 50
-17.0667 50
-16 60
-16.7111 50
-16.3556 50
-16 50
-15.6445 50
-15.2889 50
-14.2222 60
-14.8889 50
-14.4445 50
-14 50
-13.5556 50
-5.72205e-06 80
-10 70
-12.8571 60
-13.2653 50
-13.1293 50
-12.9932 50
-12.8571 50
-12.7211 50
-12.585 50
-12.449 50
-11.9048 60
-12.2857 50
-12.0952 50
-11.9048 50
-11.7143 50
-11.5238 50
-10.9524 60
-11.3757 50
-11.2698 50
-11.164 50
-11.0582 50
-10.9524 50
-10.8466 50
-10.7407 50
-10.6349 50
-10.5291 50
-10 60
-10.3968 50
-10.2381 50
-10.0794 50
-9.92064 50
-9.76191 50
-9.60318 50
-9.04762 60
-9.44445 50
-9.28572 50
-9.12699 50
-8.96826 50
-8.80953 50
-8.6508 50
-8.09524 60
-8.49207 50
-8.33334 50
-8.17461 50
-8.01588 50
-7.85715 50
-7.69842 50
-7.14286 60
-7.53969 50
-7.38096 50
-7.22223 50
-7.0635 50
-6.90477 50
-6.74604 50
-3.33334 70
-6.19048 60
-6.57143 50
-6.38096 50
-6.19048 50
-6.00001 50
-5.80953 50
-5.2381 60
-5.63493 50
-5.4762 50
-5.31747 50
-5.15874 50
-5.00001 50
-4.84128 50
-4.28572 60
-4.68255 50
-4.52382 50
-4.36509 50
-4.20636 50
-4.04762 50
-3.88889 50
-3.33334 60
-3.6508 50
-3.33334 50
-3.01588 50
-2.38096 60
-2.77778 50
-2.61905 50
-2.46032 50
-2.30159 50
-2.14286 50
-1.98413 50
-1.42858 60
-1.80953 50
-1.61905 50
-1.42858 50
-1.2381 50
-1.04762 50
-0.476196 60
-0.857149 50
-0.666672 50
-0.476196 50
-0.28572 50
-0.0952438 50
3.33333 70
0.476185 60
0.0793593 50
0.238089 50
0.39682 50
0.55555 50
0.71428 50
0.87301 50
1.42857 60
1.03174 50
1.19047 50
1.3492 50
1.50793 50
1.66666 50
1.82539 50
2.38095 60
1.98412 50
2.14285 50
2.30158 50
2.46031 50
2.61904 50
2.77777 50
3.33333 60
2.9365 50
3.09523 50
3.25396 50
3.41269 50
3.57142 50
3.73015 50
4.28571 60
3.87754 50
4.0136 50
4.14965 50
4.28571 50
4.42176 50
4.55782 50
4.69387 50
5.23809 60
4.85714 50
5.04761 50
5.23809 50
5.42857 50
5.61904 50
6.19047 60
5.76719 50
5.87301 50
5.97883 50
6.08465 50
6.19047 50
6.29629 50
6.40211 50
6.50793 50
6.61375 50
9.99999 70
7.14285 60
6.7619 50
6.95237 50
7.14285 50
7.33333 50
7.5238 50
8.09523 60
7.71428 50
7.90476 50
8.09523 50
8.28571 50
8.47618 50
9.04761 60
8.65079 50
8.80952 50
8.96825 50
9.12698 50
9.28571 50
9.44444 50
9.99999 60
9.68253 50
9.99999 50
10.3175 50
10.9524 60
10.5555 50
10.7143 50
10.873 50
11.0317 50
11.1905 50
11.3492 50
11.9048 60
11.5238 50
11.7143 50
11.9048 50
12.0952 50
12.2857 50
12.8571 60
12.4603 50
12.619 50
12.7778 50
12.9365 50
13.0952 50
13.254 50
26.6667 80
17.7778 70
14.2222 60
13.5111 50
13.8667 50
14.2222 50
14.5778 50
14.9333 50
16 60
15.3333 50
15.7778 50
16.2222 50
16.6667 50
17.7778 60
17.0667 50
17.4222 50
17.7778 50
18.1333 50
18.4889 50
19.5555 60
18.8444 50
19.2 50
19.5555 50
19.9111 50
20.2667 50
21.3333 60
20.6667 50
21.1111 50
21.5555 50
22 50
26.6667 70
23.1111 60
22.3704 50
22.6667 50
22.963 50
23.2593 50
23.5555 50
23.8518 50
24.8889 60
24.2963 50
24.8889 50
25.4815 50
26.6667 60
25.9259 50
26.2222 50
26.5185 50
26.8148 50
27.1111 50
27.4074 50
28.4444 60
27.8518 50
28.4444 50
29.037 50
30.2222 60
29.4603 50
29.7143 50
29.9682 50
30.2222 50
30.4762 50
30.7302 50
30.9841 50
35.5555 70
31.8518 60
31.1934 50
31.358 50
31.5226 50
31.6872 50
31.8518 50
32.0165 50
32.1811 50
32.3457 50
32.5103 50
33.3333 60
32.716 50
32.963 50
33.2099 50
33.4568 50
33.7037 50
33.9506 50
34.8148 60
34.1975 50
34.4444 50
34.6914 50
34.9383 50
35.1852 50
35.4321 50
36.2963 60
35.6614 50
35.873 50
36.0846 50
36.2963 50
36.5079 50
36.7196 50
36.9312 50
37.7778 60
37.1296 50
37.3148 50
37.5 50
37.6852 50
37.8704 50
38.0555 50
38.2407 50
38.4259 50
39.2593 60
38.6111 50
38.7963 50
38.9815 50
39.1667 50
39.3518 50
39.537 50
39.7222 50
39.9074 50
53.3333 80
42.2222 70
40.4444 60
40.0635 50
40.1905 50
40.3175 50
40.4444 50
40.5714 50
40.6984 50
40.8254 50
41.3333 60
41 50
41.2222 50
41.4444 50
41.6667 50
42.2222 60
41.8518 50
42 50
42.1481 50
42.2963 50
42.4444 50
42.5926 50
43.1111 60
42.7555 50
42.9333 50
43.1111 50
43.2889 50
43.4667 50
44 60
43.6444 50
43.8222 50
44 50
44.1778 50
44.3555 50
46.6667 70
44.8148 60
44.5062 50
44.6296 50
44.7531 50
44.8765 50
45 50
45.1235 50
45.5555 60
45.2315 50
45.3241 50
45.4167 50
45.5093 50
45.6018 50
45.6944 50
45.787 50
45.8796 50
46.2963 60
46 50
46.1481 50
46.2963 50
46.4444 50
46.5926 50
47.037 60
46.7196 50
46.8254 50
46.9312 50
47.037 50
47.1428 50
47.2487 50
47.3545 50
47.7778 60
47.4691 50
47.5926 50
47.716 50
47.8395 50
47.963 50
48.0864 50
48.5185 60
48.2099 50
48.3333 50
48.4568 50
48.5802 50
48.7037 50
48.8272 50
51.1111 70
49.2593 60
48.9418 50
49.0476 50
49.1534 50
49.2593 50
49.3651 50
49.4709 50
49.5767 50
50 60
49.6759 50
49.7685 50
49.8611 50
49.9537 50
50.0463 50
50.1389 50
50.2315 50
50.3241 50
50.7407 60
50.4321 50
50.5555 50
50.679 50
50.8025 50
50.9259 50
51.0494 50
51.4815 60
51.164 50
51.2698 50
51.3757 50
51.4815 50
51.5873 50
51.6931 50
51.7989 50
52.2222 60
51.8981 50
51.9907 50
52.0833 50
52.1759 50
52.2685 50
52.3611 50
52.4537 50
52.5463 50
52.963 60
52.6455 50
52.7513 50
52.8571 50
52.963 50
53.0688 50
53.1746 50
53.2804 50
55.5555 70
53.7778 60
53.4074 50
53.5555 50
53.7037 50
53.8518 50
54 50
54.1481 50
54.6667 60
54.2963 50
54.4444 50
54.5926 50
54.7407 50
54.8889 50
55.037 50
55.5555 60
55.1852 50
55.3333 50
55.4815 50
55.6296 50
55.7778 50
55.9259 50
56.4444 60
56.0555 50
56.1667 50
56.2778 50
56.3889 50
56.5 50
56.6111 50
56.7222 50
56.8333 50
57.3333 60
56.9524 50
57.0794 50
57.2063 50
57.3333 50
57.4603 50
57.5873 50
57.7143 50
60 70
58.0952 60
57.8836 50
58.0952 50
58.3069 50
58.7302 60
58.4656 50
58.5714 50
58.6772 50
58.7831 50
58.8889 50
58.9947 50
59.3651 60
59.093 50
59.1837 50
59.2744 50
59.3651 50
59.4558 50
59.5465 50
59.6372 50
60 60
59.7279 50
59.8186 50
59.9093 50
60 50
60.0907 50
60.1814 50
60.2721 50
60.6349 60
60.3809 50
60.5079 50
60.6349 50
60.7619 50
60.8889 50
61.2698 60
61.0053 50
61.1111 50
61.2169 50
61.3227 50
61.4286 50
61.5344 50
61.9048 60
61.6508 50
61.7778 50
61.9048 50
62.0317 50
62.1587 50
64.4444 70
62.5926 60
62.2685 50
62.3611 50
62.4537 50
62.5463 50
62.6389 50
62.7315 50
62.8241 50
62.9167 50
63.3333 60
63.0247 50
63.1481 50
63.2716 50
63.3951 50
63.5185 50
63.642 50
64.0741 60
63.7566 50
63.8624 50
63.9682 50
64.0741 50
64.1799 50
64.2857 50
64.3915 50
64.8148 60
64.5185 50
64.6667 50
64.8148 50
64.963 50
65.1111 50
65.5555 60
65.2315 50
65.3241 50
65.4167 50
65.5092 50
65.6018 50
65.6944 50
65.787 50
65.8796 50
66.2963 60
65.9788 50
66.0846 50
66.1905 50
66.2963 50
66.4021 50
66.5079 50
66.6137 50
133.333 90
80 80
69.3333 70
67.1111 60
66.7407 50
66.8889 50
67.037 50
67.1852 50
67.3333 50
67.4815 50
68 60
67.6296 50
67.7778 50
67.9259 50
68.0741 50
68.2222 50
68.3704 50
68.8889 60
68.5185 50
68.6667 50
68.8148 50
68.963 50
69.1111 50
69.2593 50
69.7778 60
69.4222 50
69.6 50
69.7778 50
69.9556 50
70.1333 50
70.6667 60
70.2963 50
70.4444 50
70.5926 50
70.7407 50
70.8889 50
71.037 50
71.5555 60
71.1746 50
71.3016 50
71.4286 50
71.5555 50
71.6825 50
71.8095 50
71.9365 50
74.6667 70
72.3809 60
72.0544 50
72.1633 50
72.2721 50
72.3809 50
72.4898 50
72.5986 50
72.7075 50
73.1429 60
72.8571 50
73.0476 50
73.2381 50
73.4286 50
73.9048 60
73.5873 50
73.7143 50
73.8413 50
73.9682 50
74.0952 50
74.2222 50
74.6667 60
74.3492 50
74.4762 50
74.6032 50
74.7301 50
74.8571 50
74.9841 50
75.4286 60
75.1111 50
75.2381 50
75.3651 50
75.4921 50
75.619 50
75.746 50
76.1905 60
75.9365 50
76.1905 50
76.4444 50
76.9524 60
76.6138 50
76.6984 50
76.7831 50
76.8677 50
76.9524 50
77.037 50
77.1217 50
77.2063 50
77.291 50
80 70
77.7778 60
77.4074 50
77.5555 50
77.7037 50
77.8518 50
78 50
78.1481 50
78.6667 60
78.2857 50
78.4127 50
78.5397 50
78.6667 50
78.7936 50
78.9206 50
79.0476 50
79.5555 60
79.1746 50
79.3016 50
79.4286 50
79.5555 50
79.6825 50
79.8095 50
79.9365 50
80.4444 60
80.1481 50
80.4444 50
80.7407 50
81.3333 60
80.9524 50
81.0794 50
81.2063 50
81.3333 50
81.4603 50
81.5873 50
81.7143 50
82.2222 60
81.8333 50
81.9444 50
82.0555 50
82.1667 50
82.2778 50
82.3889 50
82.5 50
82.6111 50
85.3333 70
83.3333 60
82.7778 50
83 50
83.2222 50
83.4444 50
83.6667 50
83.8889 50
84.6667 60
84.6667 50
86 60
85.4444 50
85.6667 50
85.8889 50
86.1111 50
86.3333 50
86.5555 50
87.3333 60
86.7778 50
87 50
87.2222 50
87.4444 50
87.6667 50
87.8889 50
90.6667 70
88.5333 60
88.0762 50
88.2286 50
88.381 50
88.5333 50
88.6857 50
88.8381 50
88.9905 50
89.6 60
89.1555 50
89.3333 50
89.5111 50
89.6889 50
89.8667 50
90.0444 50
90.6667 60
90.2222 50
90.4 50
90.5778 50
90.7555 50
90.9333 50
91.1111 50
91.7333 60
91.2762 50
91.4286 50
91.5809 50
91.7333 50
91.8857 50
92.0381 50
92.1905 50
92.8 60
92.3556 50
92.5333 50
92.7111 50
92.8889 50
93.0667 50
93.2444 50
106.667 80
97.7778 70
94.2222 60
93.4815 50
93.7778 50
94.0741 50
94.3704 50
94.6667 50
94.963 50
96 60
95.4074 50
96 50
96.5926 50
97.7778 60
97.037 50
97.3333 50
97.6296 50
97.9259 50
98.2222 50
98.5185 50
99.5555 60
98.7936 50
99.0476 50
99.3016 50
99.5555 50
99.8095 50
100.063 50
100.317 50
101.333 60
100.571 50
100.825 50
101.079 50
101.333 50
101.587 50
101.841 50
102.095 50
106.667 70
103.333 60
102.407 50
102.778 50
103.148 50
103.519 50
103.889 50
104.259 50
105.556 60
104.583 50
104.861 50
105.139 50
105.417 50
105.694 50
105.972 50
106.25 50
106.528 50
107.778 60
106.825 50
107.143 50
107.46 50
107.778 50
108.095 50
108.413 50
108.73 50
110 60
109.028 50
109.306 50
109.583 50
109.861 50
110.139 50
110.417 50
110.694 50
110.972 50
115.556 70
111.852 60
111.235 50
111.481 50
111.728 50
111.975 50
112.222 50
112.469 50
113.333 60
112.84 50
113.333 50
113.827 50
114.815 60
114.18 50
114.392 50
114.603 50
114.815 50
115.026 50
115.238 50
115.45 50
116.296 60
115.802 50
116.296 50
116.79 50
117.778 60
117.284 50
117.778 50
118.272 50
119.259 60
118.765 50
119.259 50
119.753 50
133.333 80
123.333 70
120.476 60
120.068 50
120.204 50
120.34 50
120.476 50
120.612 50
120.748 50
120.884 50
121.429 60
121.012 50
121.131 50
121.25 50
121.369 50
121.488 50
121.607 50
121.726 50
121.845 50
122.381 60
122.063 50
122.381 50
122.698 50
123.333 60
122.925 50
123.061 50
123.197 50
123.333 50
123.469 50
123.605 50
123.741 50
124.286 60
123.878 50
124.014 50
124.15 50
124.286 50
124.422 50
124.558 50
124.694 50
125.238 60
124.83 50
124.966 50
125.102 50
125.238 50
125.374 50
125.51 50
125.646 50
126.19 60
125.782 50
125.918 50
126.054 50
126.19 50
126.327 50
126.463 50
126.599 50
130 70
127.333 60
126.762 50
126.952 50
127.143 50
127.333 50
127.524 50
127.714 50
127.905 50
128.667 60
128.083 50
128.25 50
128.417 50
128.583 50
128.75 50
128.917 50
129.083 50
129.25 50
130 60
129.394 50
129.515 50
129.636 50
129.758 50
129.879 50
130 50
130.121 50
130.242 50
130.364 50
130.485 50
130.606 50
131.333 60
130.75 50
130.917 50
131.083 50
131.25 50
131.417 50
131.583 50
131.75 50
131.917 50
132.667 60
132.083 50
132.25 50
132.417 50
132.583 50
132.75 50
132.917 50
133.083 50
133.25 50
136.667 70
133.889 60
133.444 50
133.667 50
133.889 50
134.111 50
134.333 50
135 60
134.583 50
134.861 50
135.139 50
135.417 50
136.111 60
135.648 50
135.833 50
136.019 50
136.204 50
136.389 50
136.574 50
137.222 60
136.778 50
137 50
137.222 50
137.444 50
137.667 50
138.333 60
137.917 50
138.194 50
138.472 50
138.75 50
139.444 60
139.074 50
139.444 50
139.815 50
143.333 70
140.556 60
140.111 50
140.333 50
140.556 50
140.778 50
141 50
141.667 60
141.25 50
141.528 50
141.806 50
142.083 50
142.778 60
142.333 50
142.556 50
142.778 50
143 50
143.222 50
143.889 60
143.444 50
143.667 50
143.889 50
144.111 50
144.333 50
145 60
144.556 50
144.778 50
145 50
145.222 50
145.444 50
146.111 60
145.741 50
146.111 50
146.481 50
160 80
149.333 70
147.2 60
146.756 50
146.933 50
147.111 50
147.289 50
147.467 50
147.644 50
148.267 60
147.822 50
148 50
148.178 50
148.356 50
148.533 50
148.711 50
149.333 60
148.907 50
149.12 50
149.333 50
149.547 50
149.76 50
150.4 60
149.973 50
150.187 50
150.4 50
150.613 50
150.827 50
151.467 60
151.04 50
151.253 50
151.467 50
151.68 50
151.893 50
154.667 70
152.381 60
152.054 50
152.163 50
152.272 50
152.381 50
152.49 50
152.599 50
152.707 50
153.143 60
152.825 50
152.952 50
153.079 50
153.206 50
153.333 50
153.46 50
153.905 60
153.578 50
153.687 50
153.796 50
153.905 50
154.014 50
154.122 50
154.231 50
154.667 60
154.413 50
154.667 50
154.921 50
155.429 60
155.102 50
155.211 50
155.32 50
155.429 50
155.537 50
155.646 50
155.755 50
156.19 60
155.857 50
155.952 50
156.048 50
156.143 50
156.238 50
156.333 50
156.429 50
156.524 50
156.952 60
156.698 50
156.952 50
157.206 50
160 70
157.714 60
157.41 50
157.562 50
157.714 50
157.867 50
158.019 50
158.476 60
158.15 50
158.258 50
158.367 50
158.476 50
158.585 50
158.694 50
158.803 50
159.238 60
158.952 50
159.143 50
159.333 50
159.524 50
160 60
159.714 50
159.905 50
160.095 50
160.286 50
160.762 60
160.476 50
160.667 50
160.857 50
161.048 50
161.524 60
161.197 50
161.306 50
161.415 50
161.524 50
161.633 50
161.741 50
161.85 50
162.286 60
161.968 50
162.095 50
162.222 50
162.349 50
162.476 50
162.603 50
165.333 70
163.048 60
162.743 50
162.895 50
163.048 50
163.2 50
163.352 50
163.81 60
163.483 50
163.592 50
163.701 50
163.81 50
163.918 50
164.027 50
164.136 50
164.571 60
164.233 50
164.317 50
164.402 50
164.487 50
164.571 50
164.656 50
164.741 50
164.825 50
164.91 50
165.333 60
165.016 50
165.143 50
165.27 50
165.397 50
165.524 50
165.651 50
166.095 60
165.778 50
165.905 50
166.032 50
166.159 50
166.286 50
166.413 50
166.857 60
166.54 50
166.667 50
166.794 50
166.921 50
167.048 50
167.175 50
167.619 60
167.293 50
167.401 50
167.51 50
167.619 50
167.728 50
167.837 50
167.946 50
170.667 70
168.533 60
168.267 50
168.8 50
169.6 60
169.173 50
169.387 50
169.6 50
169.813 50
170.027 50
170.667 60
170.267 50
170.533 50
170.8 50
171.067 50
171.733 60
171.307 50
171.52 50
171.733 50
171.947 50
172.16 50
172.8 60
172.373 50
172.587 50
172.8 50
173.013 50
173.227 50
186.667 80
176.667 70
174 60
173.467 50
173.733 50
174 50
174.267 50
174.533 50
175.333 60
174.8 50
175.067 50
175.333 50
175.6 50
175.867 50
176.667 60
176.111 50
176.333 50
176.556 50
176.778 50
177 50
177.222 50
178 60
177.467 50
177.733 50
178 50
178.267 50
178.533 50
179.333 60
178.8 50
179.067 50
179.333 50
179.6 50
179.867 50
183.333 70
180.476 60
180.079 50
180.238 50
180.397 50
180.556 50
180.714 50
180.873 50
181.429 60
181.048 50
181.238 50
181.429 50
181.619 50
181.81 50
182.381 60
181.984 50
182.143 50
182.302 50
182.46 50
182.619 50
182.778 50
183.333 60
182.936 50
183.095 50
183.254 50
183.413 50
183.571 50
183.73 50
184.286 60
183.878 50
184.014 50
184.15 50
184.286 50
184.422 50
184.558 50
184.694 50
185.238 60
184.821 50
184.94 50
185.06 50
185.179 50
185.298 50
185.417 50
185.536 50
185.655 50
186.19 60
185.833 50
186.071 50
186.31 50
186.548 50
190 70
187.222 60
186.806 50
187.083 50
187.361 50
187.639 50
188.333 60
187.963 50
188.333 50
188.704 50
189.444 60
189.028 50
189.306 50
189.583 50
189.861 50
190.556 60
190.185 50
190.556 50
190.926 50
191.667 60
191.204 50
191.389 50
191.574 50
191.759 50
191.944 50
192.13 50
192.778 60
192.302 50
192.46 50
192.619 50
192.778 50
192.936 50
193.095 50
193.254 50
196.667 70
193.889 60
193.413 50
193.571 50
193.73 50
193.889 50
194.048 50
194.206 50
194.365 50
195 60
194.514 50
194.653 50
194.792 50
194.931 50
195.069 50
195.208 50
195.347 50
195.486 50
196.111 60
195.648 50
195.833 50
196.019 50
196.204 50
196.389 50
196.574 50
197.222 60
196.746 50
196.905 50
197.063 50
197.222 50
197.381 50
197.54 50
197.698 50
198.333 60
197.87 50
198.056 50
198.241 50
198.426 50
198.611 50
198.796 50
199.444 60
198.981 50
199.167 50
199.352 50
199.537 50
199.722 50
199.907 50
