0 100 -133.333 90
-133.333 90 -183.333 80
-183.333 80 -197.222 70
-197.222 70 -199.306 60
-199.306 60 -199.901 50
-199.306 60 -199.702 50
-199.306 60 -199.504 50
-199.306 60 -199.306 50
-199.306 60 -199.107 50
-199.306 60 -198.909 50
-199.306 60 -198.71 50
-197.222 70 -197.917 60
-197.917 60 -198.438 50
-197.917 60 -198.09 50
-197.917 60 -197.743 50
-197.917 60 -197.396 50
-197.222 70 -196.528 60
-196.528 60 -197.123 50
-196.528 60 -196.925 50
-196.528 60 -196.726 50
-196.528 60 -196.528 50
-196.528 60 -196.329 50
-196.528 60 -196.131 50
-196.528 60 -195.933 50
-197.222 70 -195.139 60
-195.139 60 -195.734 50
-195.139 60 -195.536 50
-195.139 60 -195.337 50
-195.139 60 -195.139 50
-195.139 60 -194.94 50
-195.139 60 -194.742 50
-195.139 60 -194.544 50
-183.333 80 -191.667 70
-191.667 70 -194.097 60
-194.097 60 -194.329 50
-194.097 60 -194.097 50
-194.097 60 -193.866 50
-191.667 70 -193.403 60
-193.403 60 -193.707 50
-193.403 60 -193.62 50
-193.403 60 -193.533 50
-193.403 60 -193.446 50
-193.403 60 -193.359 50
-193.403 60 -193.273 50
-193.403 60 -193.186 50
-193.403 60 -193.099 50
-191.667 70 -192.708 60
-192.708 60 -192.998 50
-192.708 60 -192.882 50
-192.708 60 -192.766 50
-192.708 60 -192.65 50
-192.708 60 -192.535 50
-192.708 60 -192.419 50
-191.667 70 -192.014 60
-192.014 60 -192.312 50
-192.014 60 -192.212 50
-192.014 60 -192.113 50
-192.014 60 -192.014 50
-192.014 60 -191.915 50
-192.014 60 -191.815 50
-192.014 60 -191.716 50
-191.667 70 -191.319 60
-191.319 60 -191.623 50
-191.319 60 -191.536 50
-191.319 60 -191.45 50
-191.319 60 -191.363 50
-191.319 60 -191.276 50
-191.319 60 -191.189 50
-191.319 60 -191.102 50
-191.319 60 -191.016 50
-191.667 70 -190.625 60
-190.625 60 -190.923 50
-190.625 60 -190.823 50
-190.625 60 -190.724 50
-190.625 60 -190.625 50
-190.625 60 -190.526 50
-190.625 60 -190.427 50
-190.625 60 -190.327 50
-191.667 70 -189.931 60
-189.931 60 -190.228 50
-189.931 60 -190.129 50
-189.931 60 -190.03 50
-189.931 60 -189.931 50
-189.931 60 -189.831 50
-189.931 60 -189.732 50
-189.931 60 -189.633 50
-191.667 70 -189.236 60
-189.236 60 -189.497 50
-189.236 60 -189.323 50
-189.236 60 -189.149 50
-189.236 60 -188.976 50
-183.333 80 -186.111 70
-186.111 70 -187.963 60
-187.963 60 -188.757 50
-187.963 60 -188.492 50
-187.963 60 -188.228 50
-187.963 60 -187.963 50
-187.963 60 -187.698 50
-187.963 60 -187.434 50
-187.963 60 -187.169 50
-186.111 70 -186.111 60
-186.111 60 -186.905 50
-186.111 60 -186.64 50
-186.111 60 -186.376 50
-186.111 60 -186.111 50
-186.111 60 -185.847 50
-186.111 60 -185.582 50
-186.111 60 -185.317 50
-186.111 70 -184.259 60
-184.259 60 -185.031 50
-184.259 60 -184.722 50
-184.259 60 -184.414 50
-184.259 60 -184.105 50
-184.259 60 -183.796 50
-184.259 60 -183.488 50
-183.333 80 -180.556 70
-180.556 70 -182.407 60
-182.407 60 -183.179 50
-182.407 60 -182.87 50
-182.407 60 -182.562 50
-182.407 60 -182.253 50
-182.407 60 -181.944 50
-182.407 60 -181.636 50
-180.556 70 -180.556 60
-180.556 60 -181.25 50
-180.556 60 -180.787 50
-180.556 60 -180.324 50
-180.556 60 -179.861 50
-180.556 70 -178.704 60
-178.704 60 -179.444 50
-178.704 60 -179.074 50
-178.704 60 -178.704 50
-178.704 60 -178.333 50
-178.704 60 -177.963 50
-183.333 80 -175 70
-175 70 -177.222 60
-177.222 60 -177.685 50
-177.222 60 -177.5 50
-177.222 60 -177.315 50
-177.222 60 -177.13 50
-177.222 60 -176.944 50
-177.222 60 -176.759 50
-175 70 -176.111 60
-176.111 60 -176.574 50
-176.111 60 -176.389 50
-176.111 60 -176.204 50
-176.111 60 -176.019 50
-176.111 60 -175.833 50
-176.111 60 -175.648 50
-175 70 -175 60
-175 60 -175.417 50
-175 60 -175.139 50
-175 60 -174.861 50
-175 60 -174.583 50
-175 70 -173.889 60
-173.889 60 -174.365 50
-173.889 60 -174.206 50
-173.889 60 -174.048 50
-173.889 60 -173.889 50
-173.889 60 -173.73 50
-173.889 60 -173.571 50
-173.889 60 -173.413 50
-175 70 -172.778 60
-172.778 60 -173.194 50
-172.778 60 -172.917 50
-172.778 60 -172.639 50
-172.778 60 -172.361 50
-183.333 80 -169.444 70
-169.444 70 -171.667 60
-171.667 60 -172.111 50
-171.667 60 -171.889 50
-171.667 60 -171.667 50
-171.667 60 -171.444 50
-171.667 60 -171.222 50
-169.444 70 -170.556 60
-170.556 60 -171.019 50
-170.556 60 -170.833 50
-170.556 60 -170.648 50
-170.556 60 -170.463 50
-170.556 60 -170.278 50
-170.556 60 -170.093 50
-169.444 70 -169.444 60
-169.444 60 -169.921 50
-169.444 60 -169.762 50
-169.444 60 -169.603 50
-169.444 60 -169.444 50
-169.444 60 -169.286 50
-169.444 60 -169.127 50
-169.444 60 -168.968 50
-169.444 70 -168.333 60
-168.333 60 -168.75 50
-168.333 60 -168.472 50
-168.333 60 -168.194 50
-168.333 60 -167.917 50
-169.444 70 -167.222 60
-167.222 60 -167.639 50
-167.222 60 -167.361 50
-167.222 60 -167.083 50
-167.222 60 -166.806 50
-133.333 90 -150 80
-150 80 -158.333 70
-158.333 70 -165.741 60
-165.741 60 -166.534 50
-165.741 60 -166.27 50
-165.741 60 -166.005 50
-165.741 60 -165.741 50
-165.741 60 -165.476 50
-165.741 60 -165.212 50
-165.741 60 -164.947 50
-158.333 70 -163.889 60
-163.889 60 -164.699 50
-163.889 60 -164.468 50
-163.889 60 -164.236 50
-163.889 60 -164.005 50
-163.889 60 -163.773 50
-163.889 60 -163.542 50
-163.889 60 -163.31 50
-163.889 60 -163.079 50
-158.333 70 -162.037 60
-162.037 60 -162.809 50
-162.037 60 -162.5 50
-162.037 60 -162.191 50
-162.037 60 -161.883 50
-162.037 60 -161.574 50
-162.037 60 -161.265 50
-158.333 70 -160.185 60
-160.185 60 -160.926 50
-160.185 60 -160.556 50
-160.185 60 -160.185 50
-160.185 60 -159.815 50
-160.185 60 -159.444 50
-158.333 70 -158.333 60
-158.333 60 -159.127 50
-158.333 60 -158.862 50
-158.333 60 -158.598 50
-158.333 60 -158.333 50
-158.333 60 -158.069 50
-158.333 60 -157.804 50
-158.333 60 -157.54 50
-158.333 70 -156.481 60
-156.481 60 -157.222 50
-156.481 60 -156.852 50
-156.481 60 -156.481 50
-156.481 60 -156.111 50
-156.481 60 -155.741 50
-158.333 70 -154.63 60
-154.63 60 -155.401 50
-154.63 60 -155.093 50
-154.63 60 -154.784 50
-154.63 60 -154.475 50
-154.63 60 -154.167 50
-154.63 60 -153.858 50
-158.333 70 -152.778 60
-152.778 60 -153.588 50
-152.778 60 -153.356 50
-152.778 60 -153.125 50
-152.778 60 -152.894 50
-152.778 60 -152.662 50
-152.778 60 -152.431 50
-152.778 60 -152.199 50
-152.778 60 -151.968 50
-158.333 70 -150.926 60
-150.926 60 -151.72 50
-150.926 60 -151.455 50
-150.926 60 -151.19 50
-150.926 60 -150.926 50
-150.926 60 -150.661 50
-150.926 60 -150.397 50
-150.926 60 -150.132 50
-150 80 -141.667 70
-141.667 70 -149.074 60
-149.074 60 -149.868 50
-149.074 60 -149.603 50
-149.074 60 -149.339 50
-149.074 60 -149.074 50
-149.074 60 -148.81 50
-149.074 60 -148.545 50
-149.074 60 -148.28 50
-141.667 70 -147.222 60
-147.222 60 -148.032 50
-147.222 60 -147.801 50
-147.222 60 -147.569 50
-147.222 60 -147.338 50
-147.222 60 -147.106 50
-147.222 60 -146.875 50
-147.222 60 -146.644 50
-147.222 60 -146.412 50
-141.667 70 -145.37 60
-145.37 60 -146.142 50
-145.37 60 -145.833 50
-145.37 60 -145.525 50
-145.37 60 -145.216 50
-145.37 60 -144.907 50
-145.37 60 -144.599 50
-141.667 70 -143.519 60
-143.519 60 -144.259 50
-143.519 60 -143.889 50
-143.519 60 -143.519 50
-143.519 60 -143.148 50
-143.519 60 -142.778 50
-141.667 70 -141.667 60
-141.667 60 -142.46 50
-141.667 60 -142.196 50
-141.667 60 -141.931 50
-141.667 60 -141.667 50
-141.667 60 -141.402 50
-141.667 60 -141.138 50
-141.667 60 -140.873 50
-141.667 70 -139.815 60
-139.815 60 -140.556 50
-139.815 60 -140.185 50
-139.815 60 -139.815 50
-139.815 60 -139.444 50
-139.815 60 -139.074 50
-141.667 70 -137.963 60
-137.963 60 -138.735 50
-137.963 60 -138.426 50
-137.963 60 -138.117 50
-137.963 60 -137.809 50
-137.963 60 -137.5 50
-137.963 60 -137.191 50
-141.667 70 -136.111 60
-136.111 60 -136.921 50
-136.111 60 -136.69 50
-136.111 60 -136.458 50
-136.111 60 -136.227 50
-136.111 60 -135.995 50
-136.111 60 -135.764 50
-136.111 60 -135.532 50
-136.111 60 -135.301 50
-141.667 70 -134.259 60
-134.259 60 -135.053 50
-134.259 60 -134.788 50
-134.259 60 -134.524 50
-134.259 60 -134.259 50
-134.259 60 -133.995 50
-134.259 60 -133.73 50
-134.259 60 -133.466 50
-133.333 90 -116.667 80
-116.667 80 -130 70
-130 70 -132.5 60
-132.5 60 -133.056 50
-132.5 60 -132.5 50
-132.5 60 -131.944 50
-130 70 -130.833 60
-130.833 60 -131.458 50
-130.833 60 -131.042 50
-130.833 60 -130.625 50
-130.833 60 -130.208 50
-130 70 -129.167 60
-129.167 60 -129.861 50
-129.167 60 -129.583 50
-129.167 60 -129.306 50
-129.167 60 -129.028 50
-129.167 60 -128.75 50
-129.167 60 -128.472 50
-130 70 -127.5 60
-127.5 60 -128.167 50
-127.5 60 -127.833 50
-127.5 60 -127.5 50
-127.5 60 -127.167 50
-127.5 60 -126.833 50
-116.667 80 -123.333 70
-123.333 70 -126 60
-126 60 -126.533 50
-126 60 -126.267 50
-126 60 -126 50
-126 60 -125.733 50
-126 60 -125.467 50
-123.333 70 -124.667 60
-124.667 60 -125.222 50
-124.667 60 -125 50
-124.667 60 -124.778 50
-124.667 60 -124.556 50
-124.667 60 -124.333 50
-124.667 60 -124.111 50
-123.333 70 -123.333 60
-123.333 60 -123.867 50
-123.333 60 -123.6 50
-123.333 60 -123.333 50
-123.333 60 -123.067 50
-123.333 60 -122.8 50
-123.333 70 -122 60
-122 60 -122.571 50
-122 60 -122.381 50
-122 60 -122.19 50
-122 60 -122 50
-122 60 -121.81 50
-122 60 -121.619 50
-122 60 -121.429 50
-123.333 70 -120.667 60
-120.667 60 -121.222 50
-120.667 60 -121 50
-120.667 60 -120.778 50
-120.667 60 -120.556 50
-120.667 60 -120.333 50
-120.667 60 -120.111 50
-116.667 80 -116.667 70
-116.667 70 -119.333 60
-119.333 60 -119.905 50
-119.333 60 -119.714 50
-119.333 60 -119.524 50
-119.333 60 -119.333 50
-119.333 60 -119.143 50
-119.333 60 -118.952 50
-119.333 60 -118.762 50
-116.667 70 -118 60
-118 60 -118.583 50
-118 60 -118.417 50
-118 60 -118.25 50
-118 60 -118.083 50
-118 60 -117.917 50
-118 60 -117.75 50
-118 60 -117.583 50
-118 60 -117.417 50
-116.667 70 -116.667 60
-116.667 60 -117.2 50
-116.667 60 -116.933 50
-116.667 60 -116.667 50
-116.667 60 -116.4 50
-116.667 60 -116.133 50
-116.667 70 -115.333 60
-115.333 60 -115.867 50
-115.333 60 -115.6 50
-115.333 60 -115.333 50
-115.333 60 -115.067 50
-115.333 60 -114.8 50
-116.667 70 -114 60
-114 60 -114.593 50
-114 60 -114.444 50
-114 60 -114.296 50
-114 60 -114.148 50
-114 60 -114 50
-114 60 -113.852 50
-114 60 -113.704 50
-114 60 -113.556 50
-114 60 -113.407 50
-116.667 80 -110 70
-110 70 -112.857 60
-112.857 60 -113.214 50
-112.857 60 -112.976 50
-112.857 60 -112.738 50
-112.857 60 -112.5 50
-110 70 -111.905 60
-111.905 60 -112.302 50
-111.905 60 -112.143 50
-111.905 60 -111.984 50
-111.905 60 -111.825 50
-111.905 60 -111.667 50
-111.905 60 -111.508 50
-110 70 -110.952 60
-110.952 60 -111.369 50
-110.952 60 -111.25 50
-110.952 60 -111.131 50
-110.952 60 -111.012 50
-110.952 60 -110.893 50
-110.952 60 -110.774 50
-110.952 60 -110.655 50
-110.952 60 -110.536 50
-110 70 -110 60
-110 60 -110.397 50
-110 60 -110.238 50
-110 60 -110.079 50
-110 60 -109.921 50
-110 60 -109.762 50
-110 60 -109.603 50
-110 70 -109.048 60
-109.048 60 -109.429 50
-109.048 60 -109.238 50
-109.048 60 -109.048 50
-109.048 60 -108.857 50
-109.048 60 -108.667 50
-110 70 -108.095 60
-108.095 60 -108.503 50
-108.095 60 -108.367 50
-108.095 60 -108.231 50
-108.095 60 -108.095 50
-108.095 60 -107.959 50
-108.095 60 -107.823 50
-108.095 60 -107.687 50
-110 70 -107.143 60
-107.143 60 -107.381 50
-107.143 60 -106.905 50
-116.667 80 -103.333 70
-103.333 70 -105.833 60
-105.833 60 -106.548 50
-105.833 60 -106.31 50
-105.833 60 -106.071 50
-105.833 60 -105.833 50
-105.833 60 -105.595 50
-105.833 60 -105.357 50
-105.833 60 -105.119 50
-103.333 70 -104.167 60
-104.167 60 -104.792 50
-104.167 60 -104.375 50
-104.167 60 -103.958 50
-104.167 60 -103.542 50
-103.333 70 -102.5 60
-102.5 60 -103.125 50
-102.5 60 -102.708 50
-102.5 60 -102.292 50
-102.5 60 -101.875 50
-103.333 70 -100.833 60
-100.833 60 -101.548 50
-100.833 60 -101.31 50
-100.833 60 -101.071 50
-100.833 60 -100.833 50
-100.833 60 -100.595 50
-100.833 60 -100.357 50
-100.833 60 -100.119 50
-133.333 90 -83.3333 80
-83.3333 80 -96.6667 70
-96.6667 70 -99.1667 60
-99.1667 60 -99.7222 50
-99.1667 60 -99.1667 50
-99.1667 60 -98.6111 50
-96.6667 70 -97.5 60
-97.5 60 -98.125 50
-97.5 60 -97.7083 50
-97.5 60 -97.2917 50
-97.5 60 -96.875 50
-96.6667 70 -95.8333 60
-95.8333 60 -96.5278 50
-95.8333 60 -96.25 50
-95.8333 60 -95.9722 50
-95.8333 60 -95.6944 50
-95.8333 60 -95.4167 50
-95.8333 60 -95.1389 50
-96.6667 70 -94.1667 60
-94.1667 60 -94.8333 50
-94.1667 60 -94.5 50
-94.1667 60 -94.1667 50
-94.1667 60 -93.8333 50
-94.1667 60 -93.5 50
-83.3333 80 -90 70
-90 70 -92.6667 60
-92.6667 60 -93.2 50
-92.6667 60 -92.9333 50
-92.6667 60 -92.6667 50
-92.6667 60 -92.4 50
-92.6667 60 -92.1333 50
-90 70 -91.3333 60
-91.3333 60 -91.8889 50
-91.3333 60 -91.6667 50
-91.3333 60 -91.4444 50
-91.3333 60 -91.2222 50
-91.3333 60 -91 50
-91.3333 60 -90.7778 50
-90 70 -90 60
-90 60 -90.5333 50
-90 60 -90.2667 50
-90 60 -90 50
-90 60 -89.7333 50
-90 60 -89.4667 50
-90 70 -88.6667 60
-88.6667 60 -89.2381 50
-88.6667 60 -89.0476 50
-88.6667 60 -88.8571 50
-88.6667 60 -88.6667 50
-88.6667 60 -88.4762 50
-88.6667 60 -88.2857 50
-88.6667 60 -88.0952 50
-90 70 -87.3333 60
-87.3333 60 -87.8889 50
-87.3333 60 -87.6667 50
-87.3333 60 -87.4445 50
-87.3333 60 -87.2222 50
-87.3333 60 -87 50
-87.3333 60 -86.7778 50
-83.3333 80 -83.3333 70
-83.3333 70 -86.1111 60
-86.1111 60 -86.5556 50
-86.1111 60 -86.3333 50
-86.1111 60 -86.1111 50
-86.1111 60 -85.8889 50
-86.1111 60 -85.6667 50
-83.3333 70 -85 60
-85 60 -85.4762 50
-85 60 -85.3175 50
-85 60 -85.1587 50
-85 60 -85 50
-85 60 -84.8413 50
-85 60 -84.6825 50
-85 60 -84.5238 50
-83.3333 70 -83.8889 60
-83.8889 60 -84.3333 50
-83.8889 60 -84.1111 50
-83.8889 60 -83.8889 50
-83.8889 60 -83.6667 50
-83.8889 60 -83.4444 50
-83.3333 70 -82.7778 60
-82.7778 60 -83.2222 50
-82.7778 60 -83 50
-82.7778 60 -82.7778 50
-82.7778 60 -82.5555 50
-82.7778 60 -82.3333 50
-83.3333 70 -81.6667 60
-81.6667 60 -82.1528 50
-81.6667 60 -82.0139 50
-81.6667 60 -81.875 50
-81.6667 60 -81.7361 50
-81.6667 60 -81.5972 50
-81.6667 60 -81.4583 50
-81.6667 60 -81.3195 50
-81.6667 60 -81.1806 50
-83.3333 70 -80.5556 60
-80.5556 60 -80.9722 50
-80.5556 60 -80.6944 50
-80.5556 60 -80.4167 50
-80.5556 60 -80.1389 50
-83.3333 80 -76.6667 70
-76.6667 70 -79.5238 60
-79.5238 60 -79.9206 50
-79.5238 60 -79.7619 50
-79.5238 60 -79.6032 50
-79.5238 60 -79.4444 50
-79.5238 60 -79.2857 50
-79.5238 60 -79.127 50
-76.6667 70 -78.5714 60
-78.5714 60 -78.9796 50
-78.5714 60 -78.8435 50
-78.5714 60 -78.7075 50
-78.5714 60 -78.5714 50
-78.5714 60 -78.4354 50
-78.5714 60 -78.2993 50
-78.5714 60 -78.1633 50
-76.6667 70 -77.619 60
-77.619 60 -78 50
-77.619 60 -77.8095 50
-77.619 60 -77.619 50
-77.619 60 -77.4286 50
-77.619 60 -77.2381 50
-76.6667 70 -76.6667 60
-76.6667 60 -77.0635 50
-76.6667 60 -76.9048 50
-76.6667 60 -76.746 50
-76.6667 60 -76.5873 50
-76.6667 60 -76.4286 50
-76.6667 60 -76.2698 50
-76.6667 70 -75.7143 60
-75.7143 60 -76.0952 50
-75.7143 60 -75.9048 50
-75.7143 60 -75.7143 50
-75.7143 60 -75.5238 50
-75.7143 60 -75.3333 50
-76.6667 70 -74.7619 60
-74.7619 60 -75.1786 50
-74.7619 60 -75.0595 50
-74.7619 60 -74.9405 50
-74.7619 60 -74.8214 50
-74.7619 60 -74.7024 50
-74.7619 60 -74.5833 50
-74.7619 60 -74.4643 50
-74.7619 60 -74.3452 50
-76.6667 70 -73.8095 60
-73.8095 60 -74.0476 50
-73.8095 60 -73.5714 50
-83.3333 80 -70 70
-70 70 -72.5 60
-72.5 60 -73.2143 50
-72.5 60 -72.9762 50
-72.5 60 -72.7381 50
-72.5 60 -72.5 50
-72.5 60 -72.2619 50
-72.5 60 -72.0238 50
-72.5 60 -71.7857 50
-70 70 -70.8333 60
-70.8333 60 -71.4583 50
-70.8333 60 -71.0417 50
-70.8333 60 -70.625 50
-70.8333 60 -70.2083 50
-70 70 -69.1667 60
-69.1667 60 -69.7917 50
-69.1667 60 -69.375 50
-69.1667 60 -68.9583 50
-69.1667 60 -68.5417 50
-70 70 -67.5 60
-67.5 60 -68.2143 50
-67.5 60 -67.9762 50
-67.5 60 -67.7381 50
-67.5 60 -67.5 50
-67.5 60 -67.2619 50
-67.5 60 -67.0238 50
-67.5 60 -66.7857 50
0 100 -7.62939e-06 90
-7.62939e-06 90 -53.3333 80
-53.3333 80 -64.4445 70
-64.4445 70 -66.3492 60
-66.3492 60 -66.6032 50
-66.3492 60 -66.4762 50
-66.3492 60 -66.3492 50
-66.3492 60 -66.2222 50
-66.3492 60 -66.0952 50
-64.4445 70 -65.7143 60
-65.7143 60 -65.9683 50
-65.7143 60 -65.8413 50
-65.7143 60 -65.7143 50
-65.7143 60 -65.5873 50
-65.7143 60 -65.4603 50
-64.4445 70 -65.0794 60
-65.0794 60 -65.3439 50
-65.0794 60 -65.2381 50
-65.0794 60 -65.1323 50
-65.0794 60 -65.0265 50
-65.0794 60 -64.9206 50
-65.0794 60 -64.8148 50
-64.4445 70 -64.4445 60
-64.4445 60 -64.7166 50
-64.4445 60 -64.6259 50
-64.4445 60 -64.5352 50
-64.4445 60 -64.4445 50
-64.4445 60 -64.3538 50
-64.4445 60 -64.263 50
-64.4445 60 -64.1723 50
-64.4445 70 -63.8095 60
-63.8095 60 -64.0816 50
-63.8095 60 -63.9909 50
-63.8095 60 -63.9002 50
-63.8095 60 -63.8095 50
-63.8095 60 -63.7188 50
-63.8095 60 -63.6281 50
-63.8095 60 -63.5374 50
-64.4445 70 -63.1746 60
-63.1746 60 -63.3862 50
-63.1746 60 -63.1746 50
-63.1746 60 -62.963 50
-64.4445 70 -62.5397 60
-62.5397 60 -62.8042 50
-62.5397 60 -62.6984 50
-62.5397 60 -62.5926 50
-62.5397 60 -62.4868 50
-62.5397 60 -62.381 50
-62.5397 60 -62.2751 50
-53.3333 80 -60 70
-60 70 -61.8519 60
-61.8519 60 -62.1693 50
-61.8519 60 -62.0635 50
-61.8519 60 -61.9577 50
-61.8519 60 -61.8519 50
-61.8519 60 -61.746 50
-61.8519 60 -61.6402 50
-61.8519 60 -61.5344 50
-60 70 -61.1111 60
-61.1111 60 -61.4352 50
-61.1111 60 -61.3426 50
-61.1111 60 -61.25 50
-61.1111 60 -61.1574 50
-61.1111 60 -61.0648 50
-61.1111 60 -60.9722 50
-61.1111 60 -60.8796 50
-61.1111 60 -60.787 50
-60 70 -60.3704 60
-60.3704 60 -60.6667 50
-60.3704 60 -60.5185 50
-60.3704 60 -60.3704 50
-60.3704 60 -60.2222 50
-60.3704 60 -60.0741 50
-60 70 -59.6296 60
-59.6296 60 -59.9471 50
-59.6296 60 -59.8413 50
-59.6296 60 -59.7355 50
-59.6296 60 -59.6296 50
-59.6296 60 -59.5238 50
-59.6296 60 -59.418 50
-59.6296 60 -59.3122 50
-60 70 -58.8889 60
-58.8889 60 -59.1975 50
-58.8889 60 -59.0741 50
-58.8889 60 -58.9506 50
-58.8889 60 -58.8272 50
-58.8889 60 -58.7037 50
-58.8889 60 -58.5803 50
-60 70 -58.1482 60
-58.1482 60 -58.4722 50
-58.1482 60 -58.3796 50
-58.1482 60 -58.287 50
-58.1482 60 -58.1945 50
-58.1482 60 -58.1019 50
-58.1482 60 -58.0093 50
-58.1482 60 -57.9167 50
-58.1482 60 -57.8241 50
-53.3333 80 -55.5556 70
-55.5556 70 -57.3333 60
-57.3333 60 -57.7222 50
-57.3333 60 -57.6111 50
-57.3333 60 -57.5 50
-57.3333 60 -57.3889 50
-57.3333 60 -57.2778 50
-57.3333 60 -57.1667 50
-57.3333 60 -57.0556 50
-57.3333 60 -56.9444 50
-55.5556 70 -56.4445 60
-56.4445 60 -56.8254 50
-56.4445 60 -56.6984 50
-56.4445 60 -56.5714 50
-56.4445 60 -56.4445 50
-56.4445 60 -56.3175 50
-56.4445 60 -56.1905 50
-56.4445 60 -56.0635 50
-55.5556 70 -55.5556 60
-55.5556 60 -55.9259 50
-55.5556 60 -55.7778 50
-55.5556 60 -55.6296 50
-55.5556 60 -55.4815 50
-55.5556 60 -55.3333 50
-55.5556 60 -55.1852 50
-55.5556 70 -54.6667 60
-54.6667 60 -55.037 50
-54.6667 60 -54.8889 50
-54.6667 60 -54.7407 50
-54.6667 60 -54.5926 50
-54.6667 60 -54.4445 50
-54.6667 60 -54.2963 50
-55.5556 70 -53.7778 60
-53.7778 60 -54.1482 50
-53.7778 60 -54 50
-53.7778 60 -53.8519 50
-53.7778 60 -53.7037 50
-53.7778 60 -53.5556 50
-53.7778 60 -53.4074 50
-53.3333 80 -51.1111 70
-51.1111 70 -52.963 60
-52.963 60 -53.287 50
-52.963 60 -53.1945 50
-52.963 60 -53.1019 50
-52.963 60 -53.0093 50
-52.963 60 -52.9167 50
-52.963 60 -52.8241 50
-52.963 60 -52.7315 50
-52.963 60 -52.6389 50
-51.1111 70 -52.2222 60
-52.2222 60 -52.5397 50
-52.2222 60 -52.4339 50
-52.2222 60 -52.328 50
-52.2222 60 -52.2222 50
-52.2222 60 -52.1164 50
-52.2222 60 -52.0106 50
-52.2222 60 -51.9048 50
-51.1111 70 -51.4815 60
-51.4815 60 -51.8056 50
-51.4815 60 -51.713 50
-51.4815 60 -51.6204 50
-51.4815 60 -51.5278 50
-51.4815 60 -51.4352 50
-51.4815 60 -51.3426 50
-51.4815 60 -51.25 50
-51.4815 60 -51.1574 50
-51.1111 70 -50.7407 60
-50.7407 60 -51.0494 50
-50.7407 60 -50.9259 50
-50.7407 60 -50.8025 50
-50.7407 60 -50.679 50
-50.7407 60 -50.5556 50
-50.7407 60 -50.4321 50
-51.1111 70 -50 60
-50 60 -50.3175 50
-50 60 -50.2116 50
-50 60 -50.1058 50
-50 60 -50 50
-50 60 -49.8942 50
-50 60 -49.7884 50
-50 60 -49.6825 50
-51.1111 70 -49.2593 60
-49.2593 60 -49.5767 50
-49.2593 60 -49.4709 50
-49.2593 60 -49.3651 50
-49.2593 60 -49.2593 50
-49.2593 60 -49.1534 50
-49.2593 60 -49.0476 50
-49.2593 60 -48.9418 50
-53.3333 80 -46.6667 70
-46.6667 70 -48.5185 60
-48.5185 60 -48.8272 50
-48.5185 60 -48.7037 50
-48.5185 60 -48.5802 50
-48.5185 60 -48.4568 50
-48.5185 60 -48.3333 50
-48.5185 60 -48.2099 50
-46.6667 70 -47.7778 60
-47.7778 60 -48.0864 50
-47.7778 60 -47.963 50
-47.7778 60 -47.8395 50
-47.7778 60 -47.7161 50
-47.7778 60 -47.5926 50
-47.7778 60 -47.4691 50
-46.6667 70 -47.037 60
-47.037 60 -47.3457 50
-47.037 60 -47.2222 50
-47.037 60 -47.0988 50
-47.037 60 -46.9753 50
-47.037 60 -46.8519 50
-47.037 60 -46.7284 50
-46.6667 70 -46.2963 60
-46.2963 60 -46.6204 50
-46.2963 60 -46.5278 50
-46.2963 60 -46.4352 50
-46.2963 60 -46.3426 50
-46.2963 60 -46.25 50
-46.2963 60 -46.1574 50
-46.2963 60 -46.0648 50
-46.2963 60 -45.9722 50
-46.6667 70 -45.5556 60
-45.5556 60 -45.8519 50
-45.5556 60 -45.7037 50
-45.5556 60 -45.5556 50
-45.5556 60 -45.4074 50
-45.5556 60 -45.2593 50
-46.6667 70 -44.8148 60
-44.8148 60 -45.1323 50
-44.8148 60 -45.0265 50
-44.8148 60 -44.9206 50
-44.8148 60 -44.8148 50
-44.8148 60 -44.709 50
-44.8148 60 -44.6032 50
-44.8148 60 -44.4974 50
-53.3333 80 -42.2222 70
-42.2222 70 -44 60
-44 60 -44.3556 50
-44 60 -44.1778 50
-44 60 -44 50
-44 60 -43.8222 50
-44 60 -43.6444 50
-42.2222 70 -43.1111 60
-43.1111 60 -43.4667 50
-43.1111 60 -43.2889 50
-43.1111 60 -43.1111 50
-43.1111 60 -42.9333 50
-43.1111 60 -42.7556 50
-42.2222 70 -42.2222 60
-42.2222 60 -42.6032 50
-42.2222 60 -42.4762 50
-42.2222 60 -42.3492 50
-42.2222 60 -42.2222 50
-42.2222 60 -42.0952 50
-42.2222 60 -41.9683 50
-42.2222 60 -41.8413 50
-42.2222 70 -41.3333 60
-41.3333 60 -41.6667 50
-41.3333 60 -41.4445 50
-41.3333 60 -41.2222 50
-41.3333 60 -41 50
-42.2222 70 -40.4445 60
-40.4445 60 -40.8148 50
-40.4445 60 -40.6667 50
-40.4445 60 -40.5185 50
-40.4445 60 -40.3704 50
-40.4445 60 -40.2222 50
-40.4445 60 -40.0741 50
-7.62939e-06 90 -26.6667 80
-26.6667 80 -35.5556 70
-35.5556 70 -39.2593 60
-39.2593 60 -39.9074 50
-39.2593 60 -39.7222 50
-39.2593 60 -39.537 50
-39.2593 60 -39.3519 50
-39.2593 60 -39.1667 50
-39.2593 60 -38.9815 50
-39.2593 60 -38.7963 50
-39.2593 60 -38.6111 50
-35.5556 70 -37.7778 60
-37.7778 60 -38.4259 50
-37.7778 60 -38.2407 50
-37.7778 60 -38.0556 50
-37.7778 60 -37.8704 50
-37.7778 60 -37.6852 50
-37.7778 60 -37.5 50
-37.7778 60 -37.3148 50
-37.7778 60 -37.1296 50
-35.5556 70 -36.2963 60
-36.2963 60 -36.9312 50
-36.2963 60 -36.7196 50
-36.2963 60 -36.5079 50
-36.2963 60 -36.2963 50
-36.2963 60 -36.0847 50
-36.2963 60 -35.873 50
-36.2963 60 -35.6614 50
-35.5556 70 -34.8148 60
-34.8148 60 -35.4321 50
-34.8148 60 -35.1852 50
-34.8148 60 -34.9383 50
-34.8148 60 -34.6914 50
-34.8148 60 -34.4445 50
-34.8148 60 -34.1975 50
-35.5556 70 -33.3333 60
-33.3333 60 -33.9506 50
-33.3333 60 -33.7037 50
-33.3333 60 -33.4568 50
-33.3333 60 -33.2099 50
-33.3333 60 -32.963 50
-33.3333 60 -32.7161 50
-35.5556 70 -31.8519 60
-31.8519 60 -32.5103 50
-31.8519 60 -32.3457 50
-31.8519 60 -32.1811 50
-31.8519 60 -32.0165 50
-31.8519 60 -31.8519 50
-31.8519 60 -31.6873 50
-31.8519 60 -31.5226 50
-31.8519 60 -31.358 50
-31.8519 60 -31.1934 50
-26.6667 80 -26.6667 70
-26.6667 70 -30.2222 60
-30.2222 60 -30.9841 50
-30.2222 60 -30.7302 50
-30.2222 60 -30.4762 50
-30.2222 60 -30.2222 50
-30.2222 60 -29.9683 50
-30.2222 60 -29.7143 50
-30.2222 60 -29.4603 50
-26.6667 70 -28.4445 60
-28.4445 60 -29.037 50
-28.4445 60 -28.4445 50
-28.4445 60 -27.8519 50
-26.6667 70 -26.6667 60
-26.6667 60 -27.2593 50
-26.6667 60 -26.6667 50
-26.6667 60 -26.0741 50
-26.6667 70 -24.8889 60
-24.8889 60 -25.6296 50
-24.8889 60 -25.3333 50
-24.8889 60 -25.037 50
-24.8889 60 -24.7407 50
-24.8889 60 -24.4445 50
-24.8889 60 -24.1482 50
-26.6667 70 -23.1111 60
-23.1111 60 -23.8519 50
-23.1111 60 -23.5556 50
-23.1111 60 -23.2593 50
-23.1111 60 -22.963 50
-23.1111 60 -22.6667 50
-23.1111 60 -22.3704 50
-26.6667 80 -17.7778 70
-17.7778 70 -21.3333 60
-21.3333 60 -22.0445 50
-21.3333 60 -21.6889 50
-21.3333 60 -21.3333 50
-21.3333 60 -20.9778 50
-21.3333 60 -20.6222 50
-17.7778 70 -19.5556 60
-19.5556 60 -20.2222 50
-19.5556 60 -19.7778 50
-19.5556 60 -19.3333 50
-19.5556 60 -18.8889 50
-17.7778 70 -17.7778 60
-17.7778 60 -18.4889 50
-17.7778 60 -18.1333 50
-17.7778 60 -17.7778 50
-17.7778 60 -17.4222 50
-17.7778 60 -17.0667 50
-17.7778 70 -16 60
-16 60 -16.7111 50
-16 60 -16.3556 50
-16 60 -16 50
-16 60 -15.6445 50
-16 60 -15.2889 50
-17.7778 70 -14.2222 60
-14.2222 60 -14.8889 50
-14.2222 60 -14.4445 50
-14.2222 60 -14 50
-14.2222 60 -13.5556 50
-7.62939e-06 90 -6.67572e-06 80
-5.72205e-06 80 -10 70
-10 70 -12.8571 60
-12.8571 60 -13.2653 50
-12.8571 60 -13.1293 50
-12.8571 60 -12.9932 50
-12.8571 60 -12.8571 50
-12.8571 60 -12.7211 50
-12.8571 60 -12.585 50
-12.8571 60 -12.449 50
-10 70 -11.9048 60
-11.9048 60 -12.2857 50
-11.9048 60 -12.0952 50
-11.9048 60 -11.9048 50
-11.9048 60 -11.7143 50
-11.9048 60 -11.5238 50
-10 70 -10.9524 60
-10.9524 60 -11.3757 50
-10.9524 60 -11.2698 50
-10.9524 60 -11.164 50
-10.9524 60 -11.0582 50
-10.9524 60 -10.9524 50
-10.9524 60 -10.8466 50
-10.9524 60 -10.7407 50
-10.9524 60 -10.6349 50
-10.9524 60 -10.5291 50
-10 70 -10 60
-10 60 -10.3968 50
-10 60 -10.2381 50
-10 60 -10.0794 50
-10 60 -9.92064 50
-10 60 -9.76191 50
-10 60 -9.60318 50
-10 70 -9.04762 60
-9.04762 60 -9.44445 50
-9.04762 60 -9.28572 50
-9.04762 60 -9.12699 50
-9.04762 60 -8.96826 50
-9.04762 60 -8.80953 50
-9.04762 60 -8.6508 50
-10 70 -8.09524 60
-8.09524 60 -8.49207 50
-8.09524 60 -8.33334 50
-8.09524 60 -8.17461 50
-8.09524 60 -8.01588 50
-8.09524 60 -7.85715 50
-8.09524 60 -7.69842 50
-10 70 -7.14286 60
-7.14286 60 -7.53969 50
-7.14286 60 -7.38096 50
-7.14286 60 -7.22223 50
-7.14286 60 -7.0635 50
-7.14286 60 -6.90477 50
-7.14286 60 -6.74604 50
-5.72205e-06 80 -3.33334 70
-3.33334 70 -6.19048 60
-6.19048 60 -6.57143 50
-6.19048 60 -6.38096 50
-6.19048 60 -6.19048 50
-6.19048 60 -6.00001 50
-6.19048 60 -5.80953 50
-3.33334 70 -5.2381 60
-5.2381 60 -5.63493 50
-5.2381 60 -5.4762 50
-5.2381 60 -5.31747 50
-5.2381 60 -5.15874 50
-5.2381 60 -5.00001 50
-5.2381 60 -4.84128 50
-3.33334 70 -4.28572 60
-4.28572 60 -4.68255 50
-4.28572 60 -4.52382 50
-4.28572 60 -4.36509 50
-4.28572 60 -4.20635 50
-4.28572 60 -4.04762 50
-4.28572 60 -3.88889 50
-3.33334 70 -3.33334 60
-3.33334 60 -3.6508 50
-3.33334 60 -3.33334 50
-3.33334 60 -3.01588 50
-3.33334 70 -2.38096 60
-2.38096 60 -2.77778 50
-2.38096 60 -2.61905 50
-2.38096 60 -2.46032 50
-2.38096 60 -2.30159 50
-2.38096 60 -2.14286 50
-2.38096 60 -1.98413 50
-3.33334 70 -1.42858 60
-1.42858 60 -1.80953 50
-1.42858 60 -1.61905 50
-1.42858 60 -1.42858 50
-1.42858 60 -1.2381 50
-1.42858 60 -1.04762 50
-3.33334 70 -0.476196 60
-0.476196 60 -0.857149 50
-0.476196 60 -0.666673 50
-0.476196 60 -0.476196 50
-0.476196 60 -0.28572 50
-0.476196 60 -0.0952438 50
-5.72205e-06 80 3.33333 70
3.33333 70 0.476185 60
0.476185 60 0.0793593 50
0.476185 60 0.238089 50
0.476185 60 0.39682 50
0.476185 60 0.55555 50
0.476185 60 0.71428 50
0.476185 60 0.87301 50
3.33333 70 1.42857 60
1.42857 60 1.03174 50
1.42857 60 1.19047 50
1.42857 60 1.3492 50
1.42857 60 1.50793 50
1.42857 60 1.66666 50
1.42857 60 1.82539 50
3.33333 70 2.38095 60
2.38095 60 1.98412 50
2.38095 60 2.14285 50
2.38095 60 2.30158 50
2.38095 60 2.46031 50
2.38095 60 2.61904 50
2.38095 60 2.77777 50
3.33333 70 3.33333 60
3.33333 60 2.9365 50
3.33333 60 3.09523 50
3.33333 60 3.25396 50
3.33333 60 3.41269 50
3.33333 60 3.57142 50
3.33333 60 3.73015 50
3.33333 70 4.28571 60
4.28571 60 3.87754 50
4.28571 60 4.0136 50
4.28571 60 4.14965 50
4.28571 60 4.28571 50
4.28571 60 4.42176 50
4.28571 60 4.55782 50
4.28571 60 4.69387 50
3.33333 70 5.23809 60
5.23809 60 4.85714 50
5.23809 60 5.04761 50
5.23809 60 5.23809 50
5.23809 60 5.42857 50
5.23809 60 5.61904 50
3.33333 70 6.19047 60
6.19047 60 5.76719 50
6.19047 60 5.87301 50
6.19047 60 5.97883 50
6.19047 60 6.08465 50
6.19047 60 6.19047 50
6.19047 60 6.29629 50
6.19047 60 6.40211 50
6.19047 60 6.50793 50
6.19047 60 6.61375 50
-5.72205e-06 80 9.99999 70
9.99999 70 7.14285 60
7.14285 60 6.7619 50
7.14285 60 6.95237 50
7.14285 60 7.14285 50
7.14285 60 7.33333 50
7.14285 60 7.5238 50
9.99999 70 8.09523 60
8.09523 60 7.71428 50
8.09523 60 7.90476 50
8.09523 60 8.09523 50
8.09523 60 8.28571 50
8.09523 60 8.47618 50
9.99999 70 9.04761 60
9.04761 60 8.65079 50
9.04761 60 8.80952 50
9.04761 60 8.96825 50
9.04761 60 9.12698 50
9.04761 60 9.28571 50
9.04761 60 9.44444 50
9.99999 70 9.99999 60
9.99999 60 9.68253 50
9.99999 60 9.99999 50
9.99999 60 10.3175 50
9.99999 70 10.9524 60
10.9524 60 10.5555 50
10.9524 60 10.7143 50
10.9524 60 10.873 50
10.9524 60 11.0317 50
10.9524 60 11.1905 50
10.9524 60 11.3492 50
9.99999 70 11.9048 60
11.9048 60 11.5238 50
11.9048 60 11.7143 50
11.9048 60 11.9048 50
11.9048 60 12.0952 50
11.9048 60 12.2857 50
9.99999 70 12.8571 60
12.8571 60 12.4603 50
12.8571 60 12.619 50
12.8571 60 12.7778 50
12.8571 60 12.9365 50
12.8571 60 13.0952 50
12.8571 60 13.254 50
-7.62939e-06 90 26.6667 80
26.6667 80 17.7778 70
17.7778 70 14.2222 60
14.2222 60 13.5111 50
14.2222 60 13.8667 50
14.2222 60 14.2222 50
14.2222 60 14.5778 50
14.2222 60 14.9333 50
17.7778 70 16 60
16 60 15.3333 50
16 60 15.7778 50
16 60 16.2222 50
16 60 16.6667 50
17.7778 70 17.7778 60
17.7778 60 17.0667 50
17.7778 60 17.4222 50
17.7778 60 17.7778 50
17.7778 60 18.1333 50
17.7778 60 18.4889 50
17.7778 70 19.5556 60
19.5555 60 18.8444 50
19.5555 60 19.2 50
19.5555 60 19.5556 50
19.5555 60 19.9111 50
19.5555 60 20.2667 50
17.7778 70 21.3333 60
21.3333 60 20.6667 50
21.3333 60 21.1111 50
21.3333 60 21.5555 50
21.3333 60 22 50
26.6667 80 26.6667 70
26.6667 70 23.1111 60
23.1111 60 22.3704 50
23.1111 60 22.6667 50
23.1111 60 22.963 50
23.1111 60 23.2593 50
23.1111 60 23.5555 50
23.1111 60 23.8518 50
26.6667 70 24.8889 60
24.8889 60 24.2963 50
24.8889 60 24.8889 50
24.8889 60 25.4815 50
26.6667 70 26.6667 60
26.6667 60 25.9259 50
26.6667 60 26.2222 50
26.6667 60 26.5185 50
26.6667 60 26.8148 50
26.6667 60 27.1111 50
26.6667 60 27.4074 50
26.6667 70 28.4444 60
28.4444 60 27.8518 50
28.4444 60 28.4444 50
28.4444 60 29.037 50
26.6667 70 30.2222 60
30.2222 60 29.4603 50
30.2222 60 29.7143 50
30.2222 60 29.9682 50
30.2222 60 30.2222 50
30.2222 60 30.4762 50
30.2222 60 30.7302 50
30.2222 60 30.9841 50
26.6667 80 35.5555 70
35.5555 70 31.8518 60
31.8518 60 31.1934 50
31.8518 60 31.358 50
31.8518 60 31.5226 50
31.8518 60 31.6872 50
31.8518 60 31.8518 50
31.8518 60 32.0165 50
31.8518 60 32.1811 50
31.8518 60 32.3457 50
31.8518 60 32.5103 50
35.5555 70 33.3333 60
33.3333 60 32.716 50
33.3333 60 32.963 50
33.3333 60 33.2099 50
33.3333 60 33.4568 50
33.3333 60 33.7037 50
33.3333 60 33.9506 50
35.5555 70 34.8148 60
34.8148 60 34.1975 50
34.8148 60 34.4444 50
34.8148 60 34.6914 50
34.8148 60 34.9383 50
34.8148 60 35.1852 50
34.8148 60 35.4321 50
35.5555 70 36.2963 60
36.2963 60 35.6614 50
36.2963 60 35.873 50
36.2963 60 36.0846 50
36.2963 60 36.2963 50
36.2963 60 36.5079 50
36.2963 60 36.7196 50
36.2963 60 36.9312 50
35.5555 70 37.7778 60
37.7778 60 37.1296 50
37.7778 60 37.3148 50
37.7778 60 37.5 50
37.7778 60 37.6852 50
37.7778 60 37.8704 50
37.7778 60 38.0555 50
37.7778 60 38.2407 50
37.7778 60 38.4259 50
35.5555 70 39.2593 60
39.2593 60 38.6111 50
39.2593 60 38.7963 50
39.2593 60 38.9815 50
39.2593 60 39.1667 50
39.2593 60 39.3518 50
39.2593 60 39.537 50
39.2593 60 39.7222 50
39.2593 60 39.9074 50
-7.62939e-06 90 53.3333 80
53.3333 80 42.2222 70
42.2222 70 40.4444 60
40.4444 60 40.0635 50
40.4444 60 40.1905 50
40.4444 60 40.3175 50
40.4444 60 40.4444 50
40.4444 60 40.5714 50
40.4444 60 40.6984 50
40.4444 60 40.8254 50
42.2222 70 41.3333 60
41.3333 60 41 50
41.3333 60 41.2222 50
41.3333 60 41.4444 50
41.3333 60 41.6667 50
42.2222 70 42.2222 60
42.2222 60 41.8518 50
42.2222 60 42 50
42.2222 60 42.1481 50
42.2222 60 42.2963 50
42.2222 60 42.4444 50
42.2222 60 42.5926 50
42.2222 70 43.1111 60
43.1111 60 42.7555 50
43.1111 60 42.9333 50
43.1111 60 43.1111 50
43.1111 60 43.2889 50
43.1111 60 43.4667 50
42.2222 70 44 60
44 60 43.6444 50
44 60 43.8222 50
44 60 44 50
44 60 44.1778 50
44 60 44.3555 50
53.3333 80 46.6667 70
46.6667 70 44.8148 60
44.8148 60 44.5062 50
44.8148 60 44.6296 50
44.8148 60 44.7531 50
44.8148 60 44.8765 50
44.8148 60 45 50
44.8148 60 45.1235 50
46.6667 70 45.5555 60
45.5555 60 45.2315 50
45.5555 60 45.3241 50
45.5555 60 45.4167 50
45.5555 60 45.5093 50
45.5555 60 45.6018 50
45.5555 60 45.6944 50
45.5555 60 45.787 50
45.5555 60 45.8796 50
46.6667 70 46.2963 60
46.2963 60 46 50
46.2963 60 46.1481 50
46.2963 60 46.2963 50
46.2963 60 46.4444 50
46.2963 60 46.5926 50
46.6667 70 47.037 60
47.037 60 46.7196 50
47.037 60 46.8254 50
47.037 60 46.9312 50
47.037 60 47.037 50
47.037 60 47.1428 50
47.037 60 47.2487 50
47.037 60 47.3545 50
46.6667 70 47.7778 60
47.7778 60 47.4691 50
47.7778 60 47.5926 50
47.7778 60 47.716 50
47.7778 60 47.8395 50
47.7778 60 47.963 50
47.7778 60 48.0864 50
46.6667 70 48.5185 60
48.5185 60 48.2099 50
48.5185 60 48.3333 50
48.5185 60 48.4568 50
48.5185 60 48.5802 50
48.5185 60 48.7037 50
48.5185 60 48.8272 50
53.3333 80 51.1111 70
51.1111 70 49.2593 60
49.2593 60 48.9418 50
49.2593 60 49.0476 50
49.2593 60 49.1534 50
49.2593 60 49.2593 50
49.2593 60 49.3651 50
49.2593 60 49.4709 50
49.2593 60 49.5767 50
51.1111 70 50 60
50 60 49.6759 50
50 60 49.7685 50
50 60 49.8611 50
50 60 49.9537 50
50 60 50.0463 50
50 60 50.1389 50
50 60 50.2315 50
50 60 50.3241 50
51.1111 70 50.7407 60
50.7407 60 50.4321 50
50.7407 60 50.5555 50
50.7407 60 50.679 50
50.7407 60 50.8025 50
50.7407 60 50.9259 50
50.7407 60 51.0494 50
51.1111 70 51.4815 60
51.4815 60 51.164 50
51.4815 60 51.2698 50
51.4815 60 51.3757 50
51.4815 60 51.4815 50
51.4815 60 51.5873 50
51.4815 60 51.6931 50
51.4815 60 51.7989 50
51.1111 70 52.2222 60
52.2222 60 51.8981 50
52.2222 60 51.9907 50
52.2222 60 52.0833 50
52.2222 60 52.1759 50
52.2222 60 52.2685 50
52.2222 60 52.3611 50
52.2222 60 52.4537 50
52.2222 60 52.5463 50
51.1111 70 52.963 60
52.963 60 52.6455 50
52.963 60 52.7513 50
52.963 60 52.8571 50
52.963 60 52.963 50
52.963 60 53.0688 50
52.963 60 53.1746 50
52.963 60 53.2804 50
53.3333 80 55.5555 70
55.5555 70 53.7778 60
53.7778 60 53.4074 50
53.7778 60 53.5555 50
53.7778 60 53.7037 50
53.7778 60 53.8518 50
53.7778 60 54 50
53.7778 60 54.1481 50
55.5555 70 54.6667 60
54.6667 60 54.2963 50
54.6667 60 54.4444 50
54.6667 60 54.5926 50
54.6667 60 54.7407 50
54.6667 60 54.8889 50
54.6667 60 55.037 50
55.5555 70 55.5555 60
55.5555 60 55.1852 50
55.5555 60 55.3333 50
55.5555 60 55.4815 50
55.5555 60 55.6296 50
55.5555 60 55.7778 50
55.5555 60 55.9259 50
55.5555 70 56.4444 60
56.4444 60 56.0555 50
56.4444 60 56.1667 50
56.4444 60 56.2778 50
56.4444 60 56.3889 50
56.4444 60 56.5 50
56.4444 60 56.6111 50
56.4444 60 56.7222 50
56.4444 60 56.8333 50
55.5555 70 57.3333 60
57.3333 60 56.9524 50
57.3333 60 57.0794 50
57.3333 60 57.2063 50
57.3333 60 57.3333 50
57.3333 60 57.4603 50
57.3333 60 57.5873 50
57.3333 60 57.7143 50
53.3333 80 60 70
60 70 58.0952 60
58.0952 60 57.8836 50
58.0952 60 58.0952 50
58.0952 60 58.3069 50
60 70 58.7302 60
58.7302 60 58.4656 50
58.7302 60 58.5714 50
58.7302 60 58.6772 50
58.7302 60 58.7831 50
58.7302 60 58.8889 50
58.7302 60 58.9947 50
60 70 59.3651 60
59.3651 60 59.093 50
59.3651 60 59.1837 50
59.3651 60 59.2744 50
59.3651 60 59.3651 50
59.3651 60 59.4558 50
59.3651 60 59.5465 50
59.3651 60 59.6372 50
60 70 60 60
60 60 59.7279 50
60 60 59.8186 50
60 60 59.9093 50
60 60 60 50
60 60 60.0907 50
60 60 60.1814 50
60 60 60.2721 50
60 70 60.6349 60
60.6349 60 60.3809 50
60.6349 60 60.5079 50
60.6349 60 60.6349 50
60.6349 60 60.7619 50
60.6349 60 60.8889 50
60 70 61.2698 60
61.2698 60 61.0053 50
61.2698 60 61.1111 50
61.2698 60 61.2169 50
61.2698 60 61.3227 50
61.2698 60 61.4286 50
61.2698 60 61.5344 50
60 70 61.9048 60
61.9048 60 61.6508 50
61.9048 60 61.7778 50
61.9048 60 61.9048 50
61.9048 60 62.0317 50
61.9048 60 62.1587 50
53.3333 80 64.4444 70
64.4444 70 62.5926 60
62.5926 60 62.2685 50
62.5926 60 62.3611 50
62.5926 60 62.4537 50
62.5926 60 62.5463 50
62.5926 60 62.6389 50
62.5926 60 62.7315 50
62.5926 60 62.8241 50
62.5926 60 62.9167 50
64.4444 70 63.3333 60
63.3333 60 63.0247 50
63.3333 60 63.1481 50
63.3333 60 63.2716 50
63.3333 60 63.3951 50
63.3333 60 63.5185 50
63.3333 60 63.642 50
64.4444 70 64.0741 60
64.0741 60 63.7566 50
64.0741 60 63.8624 50
64.0741 60 63.9682 50
64.0741 60 64.0741 50
64.0741 60 64.1799 50
64.0741 60 64.2857 50
64.0741 60 64.3915 50
64.4444 70 64.8148 60
64.8148 60 64.5185 50
64.8148 60 64.6667 50
64.8148 60 64.8148 50
64.8148 60 64.963 50
64.8148 60 65.1111 50
64.4444 70 65.5555 60
65.5555 60 65.2315 50
65.5555 60 65.3241 50
65.5555 60 65.4167 50
65.5555 60 65.5092 50
65.5555 60 65.6018 50
65.5555 60 65.6944 50
65.5555 60 65.787 50
65.5555 60 65.8796 50
64.4444 70 66.2963 60
66.2963 60 65.9788 50
66.2963 60 66.0846 50
66.2963 60 66.1905 50
66.2963 60 66.2963 50
66.2963 60 66.4021 50
66.2963 60 66.5079 50
66.2963 60 66.6137 50
0 100 133.333 90
133.333 90 80 80
80 80 69.3333 70
69.3333 70 67.1111 60
67.1111 60 66.7407 50
67.1111 60 66.8889 50
67.1111 60 67.037 50
67.1111 60 67.1852 50
67.1111 60 67.3333 50
67.1111 60 67.4815 50
69.3333 70 68 60
68 60 67.6296 50
68 60 67.7778 50
68 60 67.9259 50
68 60 68.0741 50
68 60 68.2222 50
68 60 68.3704 50
69.3333 70 68.8889 60
68.8889 60 68.5185 50
68.8889 60 68.6667 50
68.8889 60 68.8148 50
68.8889 60 68.963 50
68.8889 60 69.1111 50
68.8889 60 69.2593 50
69.3333 70 69.7778 60
69.7778 60 69.4222 50
69.7778 60 69.6 50
69.7778 60 69.7778 50
69.7778 60 69.9556 50
69.7778 60 70.1333 50
69.3333 70 70.6667 60
70.6667 60 70.2963 50
70.6667 60 70.4444 50
70.6667 60 70.5926 50
70.6667 60 70.7407 50
70.6667 60 70.8889 50
70.6667 60 71.037 50
69.3333 70 71.5555 60
71.5555 60 71.1746 50
71.5555 60 71.3016 50
71.5555 60 71.4286 50
71.5555 60 71.5555 50
71.5555 60 71.6825 50
71.5555 60 71.8095 50
71.5555 60 71.9365 50
80 80 74.6667 70
74.6667 70 72.3809 60
72.3809 60 72.0544 50
72.3809 60 72.1633 50
72.3809 60 72.2721 50
72.3809 60 72.3809 50
72.3809 60 72.4898 50
72.3809 60 72.5986 50
72.3809 60 72.7075 50
74.6667 70 73.1428 60
73.1429 60 72.8571 50
73.1429 60 73.0476 50
73.1429 60 73.2381 50
73.1429 60 73.4286 50
74.6667 70 73.9048 60
73.9048 60 73.5873 50
73.9048 60 73.7143 50
73.9048 60 73.8413 50
73.9048 60 73.9682 50
73.9048 60 74.0952 50
73.9048 60 74.2222 50
74.6667 70 74.6667 60
74.6667 60 74.3492 50
74.6667 60 74.4762 50
74.6667 60 74.6032 50
74.6667 60 74.7301 50
74.6667 60 74.8571 50
74.6667 60 74.9841 50
74.6667 70 75.4286 60
75.4286 60 75.1111 50
75.4286 60 75.2381 50
75.4286 60 75.3651 50
75.4286 60 75.4921 50
75.4286 60 75.619 50
75.4286 60 75.746 50
74.6667 70 76.1905 60
76.1905 60 75.9365 50
76.1905 60 76.1905 50
76.1905 60 76.4444 50
74.6667 70 76.9524 60
76.9524 60 76.6138 50
76.9524 60 76.6984 50
76.9524 60 76.7831 50
76.9524 60 76.8677 50
76.9524 60 76.9524 50
76.9524 60 77.037 50
76.9524 60 77.1217 50
76.9524 60 77.2063 50
76.9524 60 77.291 50
80 80 80 70
80 70 77.7778 60
77.7778 60 77.4074 50
77.7778 60 77.5555 50
77.7778 60 77.7037 50
77.7778 60 77.8518 50
77.7778 60 78 50
77.7778 60 78.1481 50
80 70 78.6667 60
78.6667 60 78.2857 50
78.6667 60 78.4127 50
78.6667 60 78.5397 50
78.6667 60 78.6667 50
78.6667 60 78.7936 50
78.6667 60 78.9206 50
78.6667 60 79.0476 50
80 70 79.5555 60
79.5555 60 79.1746 50
79.5555 60 79.3016 50
79.5555 60 79.4286 50
79.5555 60 79.5555 50
79.5555 60 79.6825 50
79.5555 60 79.8095 50
79.5555 60 79.9365 50
80 70 80.4444 60
80.4444 60 80.1481 50
80.4444 60 80.4444 50
80.4444 60 80.7407 50
80 70 81.3333 60
81.3333 60 80.9524 50
81.3333 60 81.0794 50
81.3333 60 81.2063 50
81.3333 60 81.3333 50
81.3333 60 81.4603 50
81.3333 60 81.5873 50
81.3333 60 81.7143 50
80 70 82.2222 60
82.2222 60 81.8333 50
82.2222 60 81.9444 50
82.2222 60 82.0555 50
82.2222 60 82.1667 50
82.2222 60 82.2778 50
82.2222 60 82.3889 50
82.2222 60 82.5 50
82.2222 60 82.6111 50
80 80 85.3333 70
85.3333 70 83.3333 60
83.3333 60 82.7778 50
83.3333 60 83 50
83.3333 60 83.2222 50
83.3333 60 83.4444 50
83.3333 60 83.6667 50
83.3333 60 83.8889 50
85.3333 70 84.6667 60
84.6667 60 84.6667 50
85.3333 70 86 60
86 60 85.4444 50
86 60 85.6667 50
86 60 85.8889 50
86 60 86.1111 50
86 60 86.3333 50
86 60 86.5555 50
85.3333 70 87.3333 60
87.3333 60 86.7778 50
87.3333 60 87 50
87.3333 60 87.2222 50
87.3333 60 87.4444 50
87.3333 60 87.6667 50
87.3333 60 87.8889 50
80 80 90.6667 70
90.6667 70 88.5333 60
88.5333 60 88.0762 50
88.5333 60 88.2286 50
88.5333 60 88.3809 50
88.5333 60 88.5333 50
88.5333 60 88.6857 50
88.5333 60 88.8381 50
88.5333 60 88.9905 50
90.6667 70 89.6 60
89.6 60 89.1555 50
89.6 60 89.3333 50
89.6 60 89.5111 50
89.6 60 89.6889 50
89.6 60 89.8667 50
89.6 60 90.0444 50
90.6667 70 90.6667 60
90.6667 60 90.2222 50
90.6667 60 90.4 50
90.6667 60 90.5778 50
90.6667 60 90.7555 50
90.6667 60 90.9333 50
90.6667 60 91.1111 50
90.6667 70 91.7333 60
91.7333 60 91.2762 50
91.7333 60 91.4286 50
91.7333 60 91.5809 50
91.7333 60 91.7333 50
91.7333 60 91.8857 50
91.7333 60 92.0381 50
91.7333 60 92.1905 50
90.6667 70 92.8 60
92.8 60 92.3556 50
92.8 60 92.5333 50
92.8 60 92.7111 50
92.8 60 92.8889 50
92.8 60 93.0667 50
92.8 60 93.2444 50
133.333 90 106.667 80
106.667 80 97.7778 70
97.7778 70 94.2222 60
94.2222 60 93.4815 50
94.2222 60 93.7778 50
94.2222 60 94.0741 50
94.2222 60 94.3704 50
94.2222 60 94.6667 50
94.2222 60 94.963 50
97.7778 70 96 60
96 60 95.4074 50
96 60 96 50
96 60 96.5926 50
97.7778 70 97.7778 60
97.7778 60 97.037 50
97.7778 60 97.3333 50
97.7778 60 97.6296 50
97.7778 60 97.9259 50
97.7778 60 98.2222 50
97.7778 60 98.5185 50
97.7778 70 99.5555 60
99.5555 60 98.7936 50
99.5555 60 99.0476 50
99.5555 60 99.3016 50
99.5555 60 99.5555 50
99.5555 60 99.8095 50
99.5555 60 100.063 50
99.5555 60 100.317 50
97.7778 70 101.333 60
101.333 60 100.571 50
101.333 60 100.825 50
101.333 60 101.079 50
101.333 60 101.333 50
101.333 60 101.587 50
101.333 60 101.841 50
101.333 60 102.095 50
106.667 80 106.667 70
106.667 70 103.333 60
103.333 60 102.407 50
103.333 60 102.778 50
103.333 60 103.148 50
103.333 60 103.519 50
103.333 60 103.889 50
103.333 60 104.259 50
106.667 70 105.556 60
105.556 60 104.583 50
105.556 60 104.861 50
105.556 60 105.139 50
105.556 60 105.417 50
105.556 60 105.694 50
105.556 60 105.972 50
105.556 60 106.25 50
105.556 60 106.528 50
106.667 70 107.778 60
107.778 60 106.825 50
107.778 60 107.143 50
107.778 60 107.46 50
107.778 60 107.778 50
107.778 60 108.095 50
107.778 60 108.413 50
107.778 60 108.73 50
106.667 70 110 60
110 60 109.028 50
110 60 109.306 50
110 60 109.583 50
110 60 109.861 50
110 60 110.139 50
110 60 110.417 50
110 60 110.694 50
110 60 110.972 50
106.667 80 115.556 70
115.556 70 111.852 60
111.852 60 111.235 50
111.852 60 111.481 50
111.852 60 111.728 50
111.852 60 111.975 50
111.852 60 112.222 50
111.852 60 112.469 50
115.556 70 113.333 60
113.333 60 112.84 50
113.333 60 113.333 50
113.333 60 113.827 50
115.556 70 114.815 60
114.815 60 114.18 50
114.815 60 114.392 50
114.815 60 114.603 50
114.815 60 114.815 50
114.815 60 115.026 50
114.815 60 115.238 50
114.815 60 115.45 50
115.556 70 116.296 60
116.296 60 115.802 50
116.296 60 116.296 50
116.296 60 116.79 50
115.556 70 117.778 60
117.778 60 117.284 50
117.778 60 117.778 50
117.778 60 118.272 50
115.556 70 119.259 60
119.259 60 118.765 50
119.259 60 119.259 50
119.259 60 119.753 50
133.333 90 133.333 80
133.333 80 123.333 70
123.333 70 120.476 60
120.476 60 120.068 50
120.476 60 120.204 50
120.476 60 120.34 50
120.476 60 120.476 50
120.476 60 120.612 50
120.476 60 120.748 50
120.476 60 120.884 50
123.333 70 121.429 60
121.429 60 121.012 50
121.429 60 121.131 50
121.429 60 121.25 50
121.429 60 121.369 50
121.429 60 121.488 50
121.429 60 121.607 50
121.429 60 121.726 50
121.429 60 121.845 50
123.333 70 122.381 60
122.381 60 122.063 50
122.381 60 122.381 50
122.381 60 122.698 50
123.333 70 123.333 60
123.333 60 122.925 50
123.333 60 123.061 50
123.333 60 123.197 50
123.333 60 123.333 50
123.333 60 123.469 50
123.333 60 123.605 50
123.333 60 123.741 50
123.333 70 124.286 60
124.286 60 123.878 50
124.286 60 124.014 50
124.286 60 124.15 50
124.286 60 124.286 50
124.286 60 124.422 50
124.286 60 124.558 50
124.286 60 124.694 50
123.333 70 125.238 60
125.238 60 124.83 50
125.238 60 124.966 50
125.238 60 125.102 50
125.238 60 125.238 50
125.238 60 125.374 50
125.238 60 125.51 50
125.238 60 125.646 50
123.333 70 126.19 60
126.19 60 125.782 50
126.19 60 125.918 50
126.19 60 126.054 50
126.19 60 126.19 50
126.19 60 126.327 50
126.19 60 126.463 50
126.19 60 126.599 50
133.333 80 130 70
130 70 127.333 60
127.333 60 126.762 50
127.333 60 126.952 50
127.333 60 127.143 50
127.333 60 127.333 50
127.333 60 127.524 50
127.333 60 127.714 50
127.333 60 127.905 50
130 70 128.667 60
128.667 60 128.083 50
128.667 60 128.25 50
128.667 60 128.417 50
128.667 60 128.583 50
128.667 60 128.75 50
128.667 60 128.917 50
128.667 60 129.083 50
128.667 60 129.25 50
130 70 130 60
130 60 129.394 50
130 60 129.515 50
130 60 129.636 50
130 60 129.758 50
130 60 129.879 50
130 60 130 50
130 60 130.121 50
130 60 130.242 50
130 60 130.364 50
130 60 130.485 50
130 60 130.606 50
130 70 131.333 60
131.333 60 130.75 50
131.333 60 130.917 50
131.333 60 131.083 50
131.333 60 131.25 50
131.333 60 131.417 50
131.333 60 131.583 50
131.333 60 131.75 50
131.333 60 131.917 50
130 70 132.667 60
132.667 60 132.083 50
132.667 60 132.25 50
132.667 60 132.417 50
132.667 60 132.583 50
132.667 60 132.75 50
132.667 60 132.917 50
132.667 60 133.083 50
132.667 60 133.25 50
133.333 80 136.667 70
136.667 70 133.889 60
133.889 60 133.444 50
133.889 60 133.667 50
133.889 60 133.889 50
133.889 60 134.111 50
133.889 60 134.333 50
136.667 70 135 60
135 60 134.583 50
135 60 134.861 50
135 60 135.139 50
135 60 135.417 50
136.667 70 136.111 60
136.111 60 135.648 50
136.111 60 135.833 50
136.111 60 136.019 50
136.111 60 136.204 50
136.111 60 136.389 50
136.111 60 136.574 50
136.667 70 137.222 60
137.222 60 136.778 50
137.222 60 137 50
137.222 60 137.222 50
137.222 60 137.444 50
137.222 60 137.667 50
136.667 70 138.333 60
138.333 60 137.917 50
138.333 60 138.194 50
138.333 60 138.472 50
138.333 60 138.75 50
136.667 70 139.444 60
139.444 60 139.074 50
139.444 60 139.444 50
139.444 60 139.815 50
133.333 80 143.333 70
143.333 70 140.556 60
140.556 60 140.111 50
140.556 60 140.333 50
140.556 60 140.556 50
140.556 60 140.778 50
140.556 60 141 50
143.333 70 141.667 60
141.667 60 141.25 50
141.667 60 141.528 50
141.667 60 141.806 50
141.667 60 142.083 50
143.333 70 142.778 60
142.778 60 142.333 50
142.778 60 142.556 50
142.778 60 142.778 50
142.778 60 143 50
142.778 60 143.222 50
143.333 70 143.889 60
143.889 60 143.444 50
143.889 60 143.667 50
143.889 60 143.889 50
143.889 60 144.111 50
143.889 60 144.333 50
143.333 70 145 60
145 60 144.556 50
145 60 144.778 50
145 60 145 50
145 60 145.222 50
145 60 145.444 50
143.333 70 146.111 60
146.111 60 145.741 50
146.111 60 146.111 50
146.111 60 146.481 50
133.333 90 160 80
160 80 149.333 70
149.333 70 147.2 60
147.2 60 146.756 50
147.2 60 146.933 50
147.2 60 147.111 50
147.2 60 147.289 50
147.2 60 147.467 50
147.2 60 147.644 50
149.333 70 148.267 60
148.267 60 147.822 50
148.267 60 148 50
148.267 60 148.178 50
148.267 60 148.356 50
148.267 60 148.533 50
148.267 60 148.711 50
149.333 70 149.333 60
149.333 60 148.907 50
149.333 60 149.12 50
149.333 60 149.333 50
149.333 60 149.547 50
149.333 60 149.76 50
149.333 70 150.4 60
150.4 60 149.973 50
150.4 60 150.187 50
150.4 60 150.4 50
150.4 60 150.613 50
150.4 60 150.827 50
149.333 70 151.467 60
151.467 60 151.04 50
151.467 60 151.253 50
151.467 60 151.467 50
151.467 60 151.68 50
151.467 60 151.893 50
160 80 154.667 70
154.667 70 152.381 60
152.381 60 152.054 50
152.381 60 152.163 50
152.381 60 152.272 50
152.381 60 152.381 50
152.381 60 152.49 50
152.381 60 152.599 50
152.381 60 152.707 50
154.667 70 153.143 60
153.143 60 152.825 50
153.143 60 152.952 50
153.143 60 153.079 50
153.143 60 153.206 50
153.143 60 153.333 50
153.143 60 153.46 50
154.667 70 153.905 60
153.905 60 153.578 50
153.905 60 153.687 50
153.905 60 153.796 50
153.905 60 153.905 50
153.905 60 154.014 50
153.905 60 154.122 50
153.905 60 154.231 50
154.667 70 154.667 60
154.667 60 154.413 50
154.667 60 154.667 50
154.667 60 154.921 50
154.667 70 155.429 60
155.429 60 155.102 50
155.429 60 155.211 50
155.429 60 155.32 50
155.429 60 155.429 50
155.429 60 155.537 50
155.429 60 155.646 50
155.429 60 155.755 50
154.667 70 156.19 60
156.19 60 155.857 50
156.19 60 155.952 50
156.19 60 156.048 50
156.19 60 156.143 50
156.19 60 156.238 50
156.19 60 156.333 50
156.19 60 156.429 50
156.19 60 156.524 50
154.667 70 156.952 60
156.952 60 156.698 50
156.952 60 156.952 50
156.952 60 157.206 50
160 80 160 70
160 70 157.714 60
157.714 60 157.41 50
157.714 60 157.562 50
157.714 60 157.714 50
157.714 60 157.867 50
157.714 60 158.019 50
160 70 158.476 60
158.476 60 158.15 50
158.476 60 158.258 50
158.476 60 158.367 50
158.476 60 158.476 50
158.476 60 158.585 50
158.476 60 158.694 50
158.476 60 158.803 50
160 70 159.238 60
159.238 60 158.952 50
159.238 60 159.143 50
159.238 60 159.333 50
159.238 60 159.524 50
160 70 160 60
160 60 159.714 50
160 60 159.905 50
160 60 160.095 50
160 60 160.286 50
160 70 160.762 60
160.762 60 160.476 50
160.762 60 160.667 50
160.762 60 160.857 50
160.762 60 161.048 50
160 70 161.524 60
161.524 60 161.197 50
161.524 60 161.306 50
161.524 60 161.415 50
161.524 60 161.524 50
161.524 60 161.633 50
161.524 60 161.742 50
161.524 60 161.85 50
160 70 162.286 60
162.286 60 161.968 50
162.286 60 162.095 50
162.286 60 162.222 50
162.286 60 162.349 50
162.286 60 162.476 50
162.286 60 162.603 50
160 80 165.333 70
165.333 70 163.048 60
163.048 60 162.743 50
163.048 60 162.895 50
163.048 60 163.048 50
163.048 60 163.2 50
163.048 60 163.352 50
165.333 70 163.81 60
163.81 60 163.483 50
163.81 60 163.592 50
163.81 60 163.701 50
163.81 60 163.81 50
163.81 60 163.918 50
163.81 60 164.027 50
163.81 60 164.136 50
165.333 70 164.571 60
164.571 60 164.233 50
164.571 60 164.317 50
164.571 60 164.402 50
164.571 60 164.487 50
164.571 60 164.571 50
164.571 60 164.656 50
164.571 60 164.741 50
164.571 60 164.825 50
164.571 60 164.91 50
165.333 70 165.333 60
165.333 60 165.016 50
165.333 60 165.143 50
165.333 60 165.27 50
165.333 60 165.397 50
165.333 60 165.524 50
165.333 60 165.651 50
165.333 70 166.095 60
166.095 60 165.778 50
166.095 60 165.905 50
166.095 60 166.032 50
166.095 60 166.159 50
166.095 60 166.286 50
166.095 60 166.413 50
165.333 70 166.857 60
166.857 60 166.54 50
166.857 60 166.667 50
166.857 60 166.794 50
166.857 60 166.921 50
166.857 60 167.048 50
166.857 60 167.175 50
165.333 70 167.619 60
167.619 60 167.293 50
167.619 60 167.401 50
167.619 60 167.51 50
167.619 60 167.619 50
167.619 60 167.728 50
167.619 60 167.837 50
167.619 60 167.946 50
160 80 170.667 70
170.667 70 168.533 60
168.533 60 168.267 50
168.533 60 168.8 50
170.667 70 169.6 60
169.6 60 169.173 50
169.6 60 169.387 50
169.6 60 169.6 50
169.6 60 169.813 50
169.6 60 170.027 50
170.667 70 170.667 60
170.667 60 170.267 50
170.667 60 170.533 50
170.667 60 170.8 50
170.667 60 171.067 50
170.667 70 171.733 60
171.733 60 171.307 50
171.733 60 171.52 50
171.733 60 171.733 50
171.733 60 171.947 50
171.733 60 172.16 50
170.667 70 172.8 60
172.8 60 172.373 50
172.8 60 172.587 50
172.8 60 172.8 50
172.8 60 173.013 50
172.8 60 173.227 50
133.333 90 186.667 80
186.667 80 176.667 70
176.667 70 174 60
174 60 173.467 50
174 60 173.733 50
174 60 174 50
174 60 174.267 50
174 60 174.533 50
176.667 70 175.333 60
175.333 60 174.8 50
175.333 60 175.067 50
175.333 60 175.333 50
175.333 60 175.6 50
175.333 60 175.867 50
176.667 70 176.667 60
176.667 60 176.111 50
176.667 60 176.333 50
176.667 60 176.556 50
176.667 60 176.778 50
176.667 60 177 50
176.667 60 177.222 50
176.667 70 178 60
178 60 177.467 50
178 60 177.733 50
178 60 178 50
178 60 178.267 50
178 60 178.533 50
176.667 70 179.333 60
179.333 60 178.8 50
179.333 60 179.067 50
179.333 60 179.333 50
179.333 60 179.6 50
179.333 60 179.867 50
186.667 80 183.333 70
183.333 70 180.476 60
180.476 60 180.079 50
180.476 60 180.238 50
180.476 60 180.397 50
180.476 60 180.556 50
180.476 60 180.714 50
180.476 60 180.873 50
183.333 70 181.429 60
181.429 60 181.048 50
181.429 60 181.238 50
181.429 60 181.429 50
181.429 60 181.619 50
181.429 60 181.81 50
183.333 70 182.381 60
182.381 60 181.984 50
182.381 60 182.143 50
182.381 60 182.302 50
182.381 60 182.46 50
182.381 60 182.619 50
182.381 60 182.778 50
183.333 70 183.333 60
183.333 60 182.936 50
183.333 60 183.095 50
183.333 60 183.254 50
183.333 60 183.413 50
183.333 60 183.571 50
183.333 60 183.73 50
183.333 70 184.286 60
184.286 60 183.878 50
184.286 60 184.014 50
184.286 60 184.15 50
184.286 60 184.286 50
184.286 60 184.422 50
184.286 60 184.558 50
184.286 60 184.694 50
183.333 70 185.238 60
185.238 60 184.821 50
185.238 60 184.94 50
185.238 60 185.06 50
185.238 60 185.179 50
185.238 60 185.298 50
185.238 60 185.417 50
185.238 60 185.536 50
185.238 60 185.655 50
183.333 70 186.19 60
186.19 60 185.833 50
186.19 60 186.071 50
186.19 60 186.31 50
186.19 60 186.548 50
186.667 80 190 70
190 70 187.222 60
187.222 60 186.806 50
187.222 60 187.083 50
187.222 60 187.361 50
187.222 60 187.639 50
190 70 188.333 60
188.333 60 187.963 50
188.333 60 188.333 50
188.333 60 188.704 50
190 70 189.444 60
189.444 60 189.028 50
189.444 60 189.306 50
189.444 60 189.583 50
189.444 60 189.861 50
190 70 190.556 60
190.556 60 190.185 50
190.556 60 190.556 50
190.556 60 190.926 50
190 70 191.667 60
191.667 60 191.204 50
191.667 60 191.389 50
191.667 60 191.574 50
191.667 60 191.759 50
191.667 60 191.944 50
191.667 60 192.13 50
190 70 192.778 60
192.778 60 192.302 50
192.778 60 192.46 50
192.778 60 192.619 50
192.778 60 192.778 50
192.778 60 192.936 50
192.778 60 193.095 50
192.778 60 193.254 50
186.667 80 196.667 70
196.667 70 193.889 60
193.889 60 193.413 50
193.889 60 193.571 50
193.889 60 193.73 50
193.889 60 193.889 50
193.889 60 194.048 50
193.889 60 194.206 50
193.889 60 194.365 50
196.667 70 195 60
195 60 194.514 50
195 60 194.653 50
195 60 194.792 50
195 60 194.931 50
195 60 195.069 50
195 60 195.208 50
195 60 195.347 50
195 60 195.486 50
196.667 70 196.111 60
196.111 60 195.648 50
196.111 60 195.833 50
196.111 60 196.019 50
196.111 60 196.204 50
196.111 60 196.389 50
196.111 60 196.574 50
196.667 70 197.222 60
197.222 60 196.746 50
197.222 60 196.905 50
197.222 60 197.063 50
197.222 60 197.222 50
197.222 60 197.381 50
197.222 60 197.54 50
197.222 60 197.698 50
196.667 70 198.333 60
198.333 60 197.87 50
198.333 60 198.056 50
198.333 60 198.241 50
198.333 60 198.426 50
198.333 60 198.611 50
198.333 60 198.796 50
196.667 70 199.444 60
199.444 60 198.981 50
199.444 60 199.167 50
199.444 60 199.352 50
199.444 60 199.537 50
199.444 60 199.722 50
199.444 60 199.907 50
